data/carea.asc
ncols        117
nrows        117
xllcorner    794599.107614634559
yllcorner    8931774.874602528289
cellsize     30.850000000000
NODATA_value  -99999
[rows 63 to 83 of 117, columns 0 to 47 of 117]
899779.6875 121800.765625 18736.166015625 18182.630859375 15924.0029296875 13794.072265625 14226.9658203125 16260.5224609375 20867.61328125 27574.447265625 31200.908203125 30808.498046875 26142.0390625 23573.583984375 21479.142578125 21257.5234375 22405.4765625 24056.083984375 31301.6796875 32012.830078125 32259.47265625 25876.611328125 17574.25 12176.7041015625 10439.560546875 9972.7548828125 11072.55859375 15598.7275390625 24782.673828125 47996.50390625 93941.5390625 117617.9453125 102492.640625 48259.2421875 14240.3740234375 9950.31640625 8274.7099609375 6884.21240234375 5880.80712890625 4373.5185546875 3084.52587890625 2281.718017578125 2766.015625 3757.310546875 4174.79638671875 4284.4541015625 3909.8759765625 4125.41552734375
834326.5625 206479.859375 26402.013671875 17561.3203125 15739.697265625 15076.5244140625 17542.61328125 21594.857421875 26201.623046875 30143.251953125 35413.97265625 30862.720703125 25861.00390625 24543.5 21264.884765625 21435.634765625 20597.11328125 27112.216796875 31751.95703125 31237.994140625 30688.1640625 27152.00390625 18371.16796875 12373.6552734375 10426.0576171875 10557.4609375 12360.2216796875 17840.8359375 32812.60546875 75639.7578125 123489.1875 133269.25 83567.546875 28961.16015625 11603.4482421875 9115.630859375 7269.9326171875 6217.1513671875 5142.85400390625 4197.041015625 2238.27587890625 2484.694580078125 2963.276611328125 3639.790283203125 3961.38916015625 4222.09912109375 4338.88330078125 3813.5732421875
704737.8125 327201.25 49260.73046875 19477.85546875 17929.568359375 19688.4765625 24311.525390625 27369.771484375 29668.095703125 36214.40234375 35649.9609375 29987.06640625 26658.880859375 23027.6796875 22419.255859375 21320.6796875 23796.16015625 28455.662109375 27579.666015625 30960.453125 31335.3359375 27827.587890625 16878.15625 12063.8720703125 11102.240234375 11561.451171875 14497.5751953125 23142.5625 60125.01171875 116248.609375 158388.90625 114991.9765625 44312.58203125 16225.439453125 10523.65234375 7877.48828125 6305.22705078125 5547.22119140625 4984.2275390625 2647.891845703125 2563.2626953125 2985.3193359375 3336.89794921875 3913.86865234375 4022.6826171875 3701.740478515625 3646.70849609375 3912.65380859375
662793.9375 377711.75 72468.5 23131.837890625 22081.23046875 26336.447265625 30207.60546875 32121.88671875 36024.5546875 37903.89453125 35645.64453125 29306.705078125 24927.880859375 22951.35546875 22362.103515625 22296.056640625 23415.41796875 24086.017578125 25626.595703125 31556.337890625 32561.791015625 22263.984375 16640.96875 12131.0283203125 13084.072265625 13482.9072265625 18751.853515625 41798.94140625 97388.609375 168221.078125 143150.6875 63563.76953125 24092.09375 12507.7646484375 8601.193359375 6629.66552734375 5620.306640625 5335.20263671875 4507.8818359375 2918.216796875 3113.45556640625 3676.631103515625 3954.51513671875 4326.68212890625 4225.154296875 4046.9716796875 3219.138427734375 3039.2421875
673025 377516.875 77897.203125 32935.43359375 36003.48046875 43993.33203125 45215.96875 44999.94921875 44084.546875 37361.74609375 29271.94140625 25362.158203125 22535.638671875 22123.9453125 21569.3671875 21130.90234375 22676.134765625 24828.353515625 29687.4453125 30944.609375 25288.88671875 19390.58203125 16016.8017578125 15081.2548828125 15309.7265625 18658.396484375 34469.98828125 77163.875 151372.640625 172221.9375 103214.75 33523.03125 14258.6669921875 9062.2568359375 6824.25341796875 5593.02392578125 5883.54736328125 5516.8154296875 3129.552978515625 3369.41015625 3887.936279296875 4320.31591796875 4821.4072265625 4937.33544921875 4730.70068359375 4527.93212890625 3738.560791015625 2585.333740234375
746274.3125 361624 69052.84375 54626.6171875 66476.5625 55999.88671875 55494.5625 48691.1953125 39778.796875 29286.05078125 23783.81640625 21867.4609375 22071.998046875 22818.78515625 22719.400390625 23223.279296875 24931.966796875 28617.171875 29073.66015625 26469.193359375 19854.37109375 19238.099609375 17670.302734375 18182.0859375 20370.228515625 29472.958984375 60000.37890625 127258.1328125 177327.1875 140237.078125 46651.8828125 14197.3544921875 8346.494140625 6559.4580078125 5731.033203125 5118.13916015625 5550.04541015625 3444.063232421875 3491.65185546875 4024.99755859375 4701.34912109375 5060.73095703125 5600.9462890625 5759.41015625 5661.5947265625 5849.0791015625 4620.24658203125 2857.83349609375
855974.8125 316079.875 81769.7265625 84435.578125 68437.140625 58692.83203125 46734.73046875 34639.12109375 25347.33984375 20399.88671875 15963.6416015625 17858.08203125 24115.6640625 25560.552734375 26305.453125 26478.4296875 28531.357421875 28078.587890625 25917.09375 22016.77734375 20180.994140625 17693.11328125 19118.708984375 21561.24609375 25821.8203125 48417.7109375 100542.890625 176430.40625 165497.546875 85175.3359375 21720.83203125 9392.4521484375 6488.51416015625 5628.5166015625 4874.888671875 4855.26611328125 4303.2373046875 3440.864990234375 4183.66064453125 4666.1689453125 5382.3515625 5977.962890625 6442.92578125 7046.205078125 7445.4931640625 7161.720703125 5816.82421875 3498.45068359375
1062973.25 258812.953125 108873.3359375 75606.5703125 49907.3671875 37054.4140625 30725.9765625 23164.2578125 16483.08203125 13554.7568359375 13043.9736328125 19764.17578125 23572.59765625 27248.943359375 30971.388671875 29947.5078125 29630.451171875 27468.076171875 22788.298828125 20296.62109375 17871.3046875 17387.482421875 21927.98046875 24492.048828125 33690.85546875 86394.0625 175848.84375 174541.53125 105006.3046875 40668.9140625 13742.94140625 7993.6064453125 6511.1103515625 5845.01513671875 5292.892578125 4272.14306640625 2750.119384765625 3849.202880859375 4942.74365234375 5796.3916015625 6499.052734375 7279.36181640625 7519.37744140625 8463.2744140625 9484.0009765625 9234.2041015625 6977.13037109375 3627.205078125
1249928.875 112638.140625 59840.72265625 32008.900390625 24694.400390625 23801.95703125 17592.44921875 12086.6572265625 11509.337890625 11075.9755859375 13127.7939453125 17713.271484375 23822.96484375 30981.6640625 34484.0390625 33953.8828125 30922.921875 24839.61328125 20710.953125 18437.009765625 16539.033203125 19214.55078125 22981.787109375 27614.3984375 63466.796875 151566.8125 196192.890625 131628.09375 64491.54296875 21549.4375 10244.6591796875 8040.53466796875 7072.62451171875 6139.2421875 5401.0107421875 2152.633544921875 2733.66650390625 4250.556640625 6078.2216796875 7201.6669921875 7926.8125 9458.8857421875 10194.986328125 11097.5546875 12285.80859375 11159.025390625 6814.9365234375 3118.199462890625
1500167.75 32501.078125 19917.267578125 16833.279296875 13522.05859375 10680.0078125 8100.33837890625 8784.4892578125 8616.4609375 9423.2900390625 14667.65234375 20026.0390625 21140.4140625 33924.05078125 41528.82421875 37664.5859375 30312.548828125 23014.662109375 19703.818359375 16774.634765625 17434.919921875 19670.455078125 26381.078125 48091.74609375 114022.3046875 189147.296875 184496.328125 86537.3671875 31931.544921875 12358.541015625 8125.63818359375 6810.0986328125 6140.55126953125 5667.62646484375 1885.055419921875 2432.10595703125 2473.040771484375 4420.4521484375 6239.31298828125 8499.9619140625 9743.3916015625 12605.56640625 15778.30859375 13658.18359375 14508.6806640625 11889.7080078125 6225.25732421875 3530.226806640625
188011.453125 14749.951171875 11091.162109375 8625.216796875 6912.40087890625 5235.1005859375 5673.388671875 6378.97412109375 8118.24462890625 10675.19140625 14730.4736328125 21562.177734375 26434.1796875 37575.63671875 45981.25 41279.203125 29222.03125 21581.1484375 18996.697265625 17601.986328125 18051.6875 24310.4609375 40855.625 78210.96875 163515.1875 218634.890625 131021.5546875 47749.64453125 16571.7421875 9225.4072265625 6969.98486328125 6396.53076171875 6081.63818359375 4380.12890625 2622.319091796875 2661.496337890625 2248.2099609375 3136.8408203125 5924.689453125 8874.658203125 10637.064453125 15372.9951171875 21706.833984375 23023.1171875 19608.619140625 12462.1142578125 6594.54248046875 4020.814697265625
167387.125 12930.1611328125 8684.3828125 6537.951171875 6630.83642578125 6324.291015625 6381.5908203125 7425.81591796875 8511.7216796875 11044.7529296875 18187.98046875 28351.029296875 36857.92578125 45814.01953125 46909.90234375 62753.796875 34610.08203125 20366.69140625 19772.28515625 18516.265625 23537.208984375 40043.68359375 69931.875 143205.96875 196071.390625 189774.515625 79399.21875 25045.099609375 12407.6162109375 8614.2080078125 7370.087890625 7345.68359375 6231.6298828125 2485.80517578125 3341.390625 3150.161865234375 2591.047119140625 2048.28759765625 3501.51513671875 6609.2763671875 9015.6064453125 12344.7333984375 22067.361328125 30064.302734375 31043.21484375 18952.625 8248.6455078125 4216.2626953125
149521.796875 20454.0078125 11428.4443359375 6539.611328125 4218.80859375 5552.880859375 6844.80419921875 7857.2109375 10060.333984375 20548.84765625 33637.3671875 89151.796875 205720.3125 259917.515625 266924.78125 194465.75 132482.171875 101962.34375 71447.515625 43238.953125 47262.28125 74170.4921875 129076.5390625 177520.015625 216181.9375 121957.203125 43032.671875 17330.392578125 10624.2275390625 9140.619140625 8052.3056640625 7340.85205078125 2825.524169921875 3932.44921875 4164.00830078125 3572.32275390625 2733.12939453125 1831.4779052734375 2165.967529296875 4004.27392578125 5926.30078125 8657.431640625 13893.14453125 28792.369140625 42227.7265625 39068.69921875 11557.83984375 5372.2646484375
127158.5859375 30336.63671875 24147.361328125 11458.1474609375 6126.23681640625 8375.068359375 11857.6298828125 35750.16796875 96133.0859375 358319.125 486691.9375 638438.75 721365.9375 660327.9375 589429.0625 519297.8125 447871.59375 276319.09375 234437.671875 193113.6875 164812.3125 166672.625 197619.65625 214007.484375 147536.375 67363.6171875 24239.53515625 13030.92578125 10760.59375 9648.3857421875 8872.9912109375 6761.5380859375 4799.8779296875 5655.80078125 4806.5576171875 3613.878173828125 2422.623291015625 2227.097900390625 2376.6728515625 3422.562744140625 4412.14990234375 6515.1279296875 9389.6943359375 17042.921875 43114.33984375 63920.859375 22425.880859375 7127.439453125
103783.3515625 21522.60546875 27772.841796875 36951.04296875 3084.0810546875 652144.1875 652270.875 670321.6875 743947.75 787319.125 730567 448038.71875 286060.5 234955.1875 277700.75 309939.59375 384875.1875 415813.59375 375509.90625 372354.75 258026.40625 251177.3125 224820.671875 153947.90625 79049.2734375 34079.62109375 17529.08984375 12313.99609375 11759.2197265625 10900.7216796875 10436.470703125 4871.9853515625 7081.95166015625 6361.4794921875 5060.65380859375 3655.593017578125 2849.2783203125 2485.05322265625 3490.263916015625 2272.882568359375 2636.494140625 4354.9033203125 7512.2060546875 12048.7412109375 20420.76953125 60509.15234375 70327.734375 19829.91015625
85057.46875 14025.244140625 16924.505859375 12034.5146484375 31852.275390625 686586.875 632719.125 577792.25 422779.65625 180835.890625 80452.7265625 45441.55859375 31345.44921875 13298.7265625 17610.771484375 27012.39453125 58137.4453125 172909.3125 228184.25 261274.078125 309744.65625 162831.46875 134438.8125 64574.86328125 41714.671875 25103.97265625 15272.6640625 12986.248046875 13525.8251953125 12857.9677734375 5624.2392578125 8693.5625 8916.3447265625 7773.1923828125 6139.9404296875 4846.7177734375 3803.81982421875 4710.4248046875 4060.85400390625 1993.6868896484375 1606.7728271484375 2883.854736328125 4124.43115234375 5968.5498046875 9775.845703125 25734.62890625 71809.1171875 68189.25
73610.78125 11457.8076171875 9135.12109375 14878.2109375 28013.265625 41923.734375 28363.53515625 23661.517578125 37762.515625 20453.12890625 11229.419921875 11612.779296875 9026.7470703125 8394.7216796875 9391.423828125 11601.205078125 12716.9453125 21302.923828125 29247.521484375 51973.36328125 103507.53125 160640.515625 85700.7109375 49136.8515625 29171.83984375 20057.548828125 15549.9404296875 15227.09375 14122.41796875 6675.0634765625 9431.009765625 10614.5107421875 10023.71484375 8511.2685546875 7571.22216796875 6768.6396484375 6659.5615234375 5992.48046875 3499.68017578125 1848.0538330078125 1288.2332763671875 1598.88525390625 2189.5595703125 3059.738037109375 4354.1494140625 8272.1865234375 35410.75390625 88966.8671875
62139.4375 11802.9091796875 9389.33203125 10874.00390625 39155.33984375 31516.578125 20705.900390625 17648.5078125 17909.544921875 16807.21484375 12252.8037109375 11011.8515625 10332.1279296875 7936.23486328125 7441.21728515625 9508.27734375 8568.1123046875 10938.6552734375 15671.447265625 25564.982421875 35530.1796875 63180.52734375 78831.6953125 55454.8984375 45831.45703125 27456.42578125 25913.041015625 20869.55859375 18418.048828125 10829.90234375 12052.919921875 11226.7451171875 9389.3720703125 8352.107421875 7451.1611328125 7345.181640625 6260.775390625 3522.466552734375 2358.15771484375 1433.953125 1421.2718505859375 1505.4970703125 2048.723876953125 2259.23974609375 3057.920654296875 5299.20654296875 13958.7626953125 63590.5546875
48555.890625 24707.55859375 15737.380859375 8893.146484375 18773.734375 35601.02734375 26752.96484375 15849.5791015625 15405.6044921875 18714.662109375 14886.9052734375 12107.34375 11586.138671875 9852.3603515625 6003.234375 7091.26171875 7396.87890625 7650.02978515625 8815.9951171875 11339.3828125 22396.55859375 41898.27734375 75091.296875 54171.72265625 35814.68359375 30754.189453125 22551.462890625 27411.1953125 13393.9521484375 15764.9443359375 14086.3486328125 11431.12890625 9667.962890625 7688.4111328125 7286.54931640625 6034.1240234375 4125.83984375 2712.9267578125 2176.763671875 1759.92529296875 1774.268310546875 2012.745361328125 2410.8349609375 2706.791748046875 2936.07470703125 3758.033935546875 6887.517578125 23154.55078125
28634.36328125 25777.21875 39462.60546875 33535.16015625 39132.22265625 22918.515625 22699.681640625 23888.521484375 13194.55078125 15895.5634765625 18938.107421875 16390.818359375 14520.8291015625 13972.423828125 10250.064453125 6702.21435546875 7245.14013671875 5998.12353515625 6634.8076171875 7329.65869140625 8614.3291015625 15270.109375 30759.830078125 59075.71875 46493.40234375 18689.94921875 20021.646484375 14718.119140625 18194.087890625 16186.1533203125 13537.7275390625 11053.2470703125 9152.4033203125 7863.76416015625 6266.85498046875 4450.66455078125 3294.279296875 2759.847900390625 2313.186767578125 2322.571533203125 2193.085205078125 2526.213623046875 2965.08447265625 2898.15869140625 3001.326904296875 3372.923828125 4217.755859375 10371.185546875
316970.8125 45947.39453125 29509.26171875 33451.06640625 32488.283203125 40846.72265625 22701.234375 26735.7578125 26420.275390625 17778.70703125 16408.845703125 21492.8984375 23785.2890625 17381.181640625 22925.953125 9337.205078125 8411.361328125 10513.8583984375 5681.044921875 7747.6884765625 8644.2763671875 5081.11572265625 13414.2001953125 22938.73828125 46745.359375 40340.82421875 18552.462890625 10085.6728515625 11911.2822265625 10340.4921875 8889.5283203125 8027.72509765625 6664.53759765625 5847.46044921875 4722.45947265625 3870.39111328125 3074.306640625 2622.424560546875 2746.609619140625 2972.574951171875 2829.069580078125 2987.988037109375 3242.79638671875 3388.226806640625 3269.94970703125 3143.315673828125 3765.782958984375 5805.32958984375
