data/carea.asc
ncols        117
nrows        117
xllcorner    794599.107614634559
yllcorner    8931774.874602528289
cellsize     30.850000000000
NODATA_value  -99999
[rows 42 to 62 of 117, columns 48 to 95 of 117]
7779.4755859375 6801.77587890625 6219.28466796875 5774.51953125 6178.2041015625 7574.18017578125 8610.3349609375 9445.416015625 14851.3798828125 31177.951171875 74582.75 114846.5234375 101869.5 40754.04296875 9425.837890625 5664.40625 5411.95703125 5397.61083984375 5480.10498046875 4931.8671875 4365.03857421875 3777.8330078125 4185.029296875 5281.1728515625 12930.2587890625 51798.15625 65173.328125 52159.05859375 47534.203125 34573.06640625 26712.56640625 18752.984375 14197.53125 13718.142578125 15587.224609375 4683.05029296875 7237.08447265625 9026.720703125 8762.2255859375 7665.4951171875 7069.9658203125 6180.845703125 4828.5 4152.828125 2719.767578125 2393.4580078125 2281.451416015625 3409.21484375
8166.95166015625 7559.095703125 7212.4443359375 6185.7255859375 5956.01025390625 7127.88232421875 8642.4775390625 12721.619140625 16210.546875 35215.171875 79784.75 118783.6953125 102404.359375 42493.09375 7925.72607421875 5417.24560546875 6191.72412109375 6418.673828125 6085.7138671875 5267.8681640625 4248.59814453125 3884.526123046875 4192.17724609375 5524.17724609375 9236.115234375 44108.51171875 67100.828125 55898.3046875 51520.578125 41234.62109375 30311.04296875 22790.134765625 14839.3583984375 13237.244140625 13930.4189453125 15251.189453125 6284.85302734375 8880.068359375 10049.5322265625 9234.251953125 8255.9921875 7835.001953125 6554.4345703125 5465.25927734375 3454.88525390625 1857.9378662109375 1756.9425048828125 1947.544677734375
9441.384765625 7842.7724609375 7928.064453125 6950.099609375 6016.845703125 6758.21826171875 7628.412109375 11256.6611328125 18582.55859375 38195.5234375 82202.34375 129693.8125 102199.984375 43956.69921875 11323.0830078125 6501.42578125 7265.12744140625 7618.416015625 6656.05615234375 5282.67822265625 4334.1103515625 3519.051513671875 3892.237548828125 5142.87841796875 7780.83154296875 30967.41796875 67153.3671875 70911.234375 62250.234375 45584.9765625 35986.265625 23446.3046875 16132.0673828125 13356.8427734375 15770.5390625 20364.041015625 6568.64599609375 8684.697265625 10872.537109375 10817.4619140625 10771.0537109375 9863.478515625 8580.4150390625 6138.67333984375 3904.053955078125 2423.31640625 1594.2293701171875 1656.25634765625
10921.6064453125 8879.8447265625 8388.9150390625 7716.16552734375 6689.9189453125 6287.22314453125 8957.533203125 10382.7802734375 17943.3984375 38994.98828125 84274.3984375 135296.984375 107502.40625 47872.98046875 15750.99609375 8982.0458984375 8695.533203125 8020.31640625 6635.43505859375 5704.0927734375 4439.0283203125 3221.221923828125 3366.927734375 4318.2724609375 6271.95166015625 15702.4921875 50853.984375 80503.171875 82195.5078125 66005.5546875 39649.859375 25398.5859375 18180.99609375 13195.3447265625 15761.22265625 25325.5546875 8291.345703125 9261.2255859375 11670.2255859375 12884.6494140625 13422.759765625 12496.16796875 10105.1533203125 6485.48974609375 4433.59228515625 2834.67919921875 1950.36279296875 1442.6473388671875
13222.5517578125 9245.7548828125 8734.4697265625 8371.826171875 7170.57763671875 9244.341796875 8851.7841796875 10896.1298828125 14983.3857421875 36753.328125 86407.6640625 130925.015625 125206.6796875 58925.58984375 19461.185546875 10892.2685546875 9392.349609375 7647.39892578125 6715.775390625 5914.62109375 4578.90380859375 3372.34423828125 3182.652587890625 3698.162841796875 4866.98583984375 8371.4052734375 23534.0703125 66563.59375 93760.640625 88780.4140625 55385.390625 28428.205078125 18222.1015625 13833.3544921875 13213.435546875 20238.400390625 26420.73046875 8365.5595703125 13037.6474609375 15572.1572265625 16315.9921875 15100.8095703125 10620.9501953125 6743.70654296875 4677.81298828125 3199.956298828125 2249.83642578125 1779.6373291015625
15994.90625 11189.9677734375 9048.3623046875 7987.37255859375 10991.1591796875 9613.357421875 9728.21875 10309.1611328125 12962.7314453125 29607.482421875 88314.4921875 136712.859375 119200.875 75111.890625 23965.193359375 12277.09375 9566.3583984375 8212.4658203125 7088.9404296875 5622.5625 4410.0009765625 4167.53369140625 3927.42822265625 3872.06494140625 3973.955322265625 4903.8251953125 11452.7294921875 39397.5390625 89392.5390625 110139.0390625 74806.90625 33476.08203125 19407.443359375 14258.2568359375 11643.6455078125 16113.76953125 29486.43359375 13760.84765625 14114.7470703125 19412.3125 19581.822265625 17003.96875 11161.92578125 6393.6943359375 4538.41357421875 3530.635498046875 2879.080322265625 2286.59716796875
21703.244140625 13220.4677734375 9840.6787109375 6843.58935546875 8312.7451171875 9361.861328125 10233.083984375 10697.259765625 11878.6650390625 21807.787109375 79635.7890625 142871.640625 133169.4375 89484.1796875 33770.328125 13645.5 10312.2880859375 9326.423828125 7285.88134765625 5371.08642578125 4189.71240234375 3953.25048828125 4608.978515625 4390.580078125 3941.821533203125 4486.64013671875 7200.88671875 23750.537109375 69699.2421875 113688.1796875 97791.7109375 43670.1015625 22001.2578125 13839.2783203125 13012.4169921875 15456.6171875 23464.74609375 30885.388671875 12635.6748046875 20946.908203125 24507.470703125 18764.943359375 10691.9921875 6100.267578125 4818.4697265625 4156.44384765625 3410.538330078125 2877.18896484375
23929.466796875 16907.6875 10646.783203125 9511.1201171875 7084.4462890625 8106.9609375 9783.8203125 11441.607421875 12846.1171875 17326.15234375 64314.58984375 137508.84375 163296.046875 104471.6015625 45043.49609375 18066.22265625 12297.095703125 10047.830078125 7495.6337890625 5163.02587890625 3757.64697265625 3937.74169921875 4573.32958984375 4920.95654296875 4918.56103515625 4928.90380859375 7104.90234375 17445.19140625 58146.07421875 106486.3515625 99589.890625 67866.1171875 26990.064453125 14717.43359375 13641.6240234375 15537.9853515625 23616.697265625 37922.05859375 15060.3603515625 24207.931640625 27141.93359375 17956.859375 10318.0166015625 6407.42529296875 5179.25732421875 4547.4423828125 4119.9228515625 3498.254150390625
26194.154296875 19398.41796875 17054.994140625 10797.287109375 8935.6767578125 7806.0712890625 8888.0517578125 10863.6181640625 13062.2802734375 15672.546875 41682.6875 116658.90625 184160.921875 143793.6875 59639.59375 23950.9296875 14558.5 9928.166015625 6832.513671875 4511.1591796875 3566.30810546875 3676.36767578125 5000.62841796875 5893.56005859375 5665.72705078125 5568.931640625 7013.9521484375 15665.037109375 47498.67578125 99084.7734375 102336.9140625 77414.1484375 40425.33203125 21000.3515625 14391.521484375 15285.29296875 24786.65234375 42659.39453125 18647.625 27678.359375 25605.37109375 18916.068359375 10347.8681640625 6938.57275390625 5778.158203125 5099.4482421875 4624.31982421875 4335.578125
29811.423828125 21753.458984375 19926.33203125 16838.251953125 12598.8017578125 9635.78125 8964.224609375 10058.703125 12135.509765625 15043.2744140625 24457.8671875 75961.21875 181093.5625 190605.203125 87527.4140625 33298.4921875 14540.8759765625 7939.6611328125 5500.2802734375 4389.92236328125 3609.7138671875 3665.35009765625 4835.8876953125 6527.13623046875 7083.353515625 6478.7412109375 6938.45751953125 14333.2412109375 38843.625 88791.6328125 97909.8046875 88387.3046875 54565.60546875 32593.390625 16971.703125 15817.4072265625 24068.65625 35474.51953125 46222.16015625 25071.759765625 24281.22265625 18749.64453125 11652.7578125 7388.4853515625 6038.6484375 5679.42578125 5171.0869140625 4845.84716796875
30516.794921875 27613.052734375 18261.0390625 17430.974609375 16817.98828125 13006.259765625 9506.33203125 9643.126953125 11519.5908203125 13870.2919921875 18935.2890625 45889.96875 144240.3125 228456.53125 127994.03125 41323.4609375 11149.2548828125 6134.2548828125 5191.58740234375 4212.45703125 3786.362060546875 3685.08642578125 4460.22509765625 5752.529296875 7433.529296875 8067.42236328125 8678.5517578125 14002.2119140625 36617.23828125 74051.015625 98024.578125 83073.234375 68476.59375 39959.29296875 27853.43359375 18251.7109375 20302.056640625 40083.5859375 58171.92578125 18163.71484375 24441.794921875 18502.044921875 12097.2685546875 7251.1806640625 5334.77392578125 5905.20458984375 5873.71484375 5827.7880859375
39243.6796875 24688.91015625 21313.421875 16304.5283203125 18118.0234375 17498.24609375 12979.1826171875 11307.9619140625 12514.0908203125 14208.5859375 19750.455078125 37738.44921875 125624.375 225338.609375 162690.953125 47755.88671875 9751.8251953125 5272.35302734375 4640.05322265625 4047.4208984375 4059.74755859375 4177.095703125 4600.84423828125 5415.548828125 7037.85302734375 8609.673828125 10232.603515625 14856.7744140625 31907.921875 62462.6796875 94581.6875 86529.6640625 66165.3515625 53491.64453125 34142.015625 23026.439453125 21864.318359375 39141.9140625 47466.703125 52179.015625 19859.69140625 18487.74609375 10220.6201171875 6034.5146484375 5349.548828125 6031.7431640625 7119.8974609375 7627.37109375
41763.34765625 28845.21484375 19549.509765625 15572.0634765625 17317.365234375 19031.654296875 16660.3828125 14947.51171875 13886.53515625 14689.4921875 18938.044921875 42782.15625 117282.5546875 215984.75 201731.640625 56918.43359375 8631.5146484375 4970.3740234375 4208.78076171875 3929.32421875 4204.06103515625 5220.2939453125 5546.30908203125 5972.28955078125 7064.11572265625 8177.42919921875 11331.7587890625 16909.64453125 31330.6015625 57967.14453125 84106.6875 86007.546875 71048.5703125 55410.59375 43999.95703125 24593.306640625 22994.7734375 35784.3671875 59995.90234375 69169.296875 14853.482421875 15248.35546875 9388.685546875 6728.5732421875 5780.44677734375 5984.11572265625 7648.279296875 8857.6328125
67351.796875 30500.3046875 18039.80078125 12628.5439453125 13907.736328125 16696.6640625 16118.5693359375 16449.8515625 17049.73828125 15935.5029296875 17398.46484375 35789.61328125 117377.2421875 236285.734375 203350.0625 65848.078125 8559.5625 4636.82421875 3224.504638671875 3324.97998046875 4700.3896484375 5853.82666015625 7219.6533203125 7474.33544921875 7948.96875 9149.34765625 11131.5419921875 17130.474609375 33256.80078125 58841.11328125 76036.765625 83471.8515625 77791.8203125 61891.203125 45315.2109375 26410.927734375 17700.79296875 24036.1484375 54726.8046875 88599.5703125 58029.05859375 11835.7802734375 9351.7138671875 6973.935546875 6546.81689453125 6981.26123046875 7571.47802734375 8844.1689453125
105203.296875 45150.8515625 20623.4140625 12859.4111328125 11634.619140625 14742.654296875 12067.1455078125 11843.51953125 14781.103515625 17772.876953125 18246.544921875 29420.462890625 117216.953125 281325.625 209844.5625 63761.796875 6655.37255859375 3906.412841796875 2747.478271484375 2740.977294921875 3892.50341796875 5940.56005859375 8777.78515625 10289.5439453125 10115.71484375 10213.2587890625 11743.7412109375 16217.03125 32626.4296875 58798.7890625 73656.6171875 85601.28125 90658.6171875 69898.5 52125.6484375 25326.552734375 12593.4541015625 6824.11474609375 21162.271484375 80716.71875 125515.84375 8256.865234375 9182.61328125 8000.71240234375 7976.56298828125 7832.27734375 8819.302734375 8468.1552734375
116295.90625 124844.203125 51529.93359375 16080.98046875 13334.5556640625 13440.95703125 10690.4375 9703.3447265625 11773.673828125 14981.080078125 18374.494140625 23928.05859375 90663.15625 271172.28125 273951.34375 64507.7421875 5807.15771484375 3716.33642578125 2613.7060546875 2252.056396484375 2910.12744140625 4182.998046875 7683.9248046875 11200.3154296875 14573.3232421875 14923.7998046875 14572.3115234375 19039.42578125 33965.56640625 60354.8125 79586.6484375 105126.9609375 105889.015625 84775.8828125 40877.13671875 11721.30859375 7341.2587890625 4423.2490234375 7485.37158203125 32588.396484375 157486.3125 31646.40625 9767.9306640625 9483.5283203125 9791.5771484375 9424.404296875 9819.689453125 9374.90234375
24988.953125 118665.9375 137253.375 61005.65625 23488.35546875 15269.8935546875 11416.8994140625 8887.6845703125 10197.744140625 12239.798828125 16177.787109375 20523.392578125 70281.671875 277224.28125 315744.59375 54032.75390625 5345.8955078125 3489.999755859375 2501.91845703125 2052.03857421875 2288.67578125 3527.926513671875 5078.82177734375 9413.9951171875 13507.513671875 18468.15625 20528.21484375 21132.767578125 37036.7421875 63139.11328125 116442.5 124863.609375 112754.75 62062.66015625 23981.96875 8691.9765625 5621.90087890625 4349.54638671875 4542.74658203125 9400.51171875 69031.6171875 167637.171875 16214.3876953125 11854.5654296875 11402.3876953125 11650.11328125 11448.3291015625 11141.6474609375
9506.0107421875 33988.38671875 107893.9375 118701.0234375 61080.64453125 21791.240234375 12924.279296875 10435.3671875 9297.0908203125 11113.2314453125 13369.14453125 17355.552734375 73544.828125 299618.1875 298801.5 52868.328125 4664.458984375 3374.215576171875 2706.101806640625 2064.1669921875 2012.494873046875 2821.289306640625 4507.349609375 5793.43359375 8911.6015625 12024.0732421875 18761.728515625 22626.369140625 30832.216796875 73595.8828125 134220.71875 156634.1875 103710.140625 47506 16613.8203125 8669.3095703125 5224.60791015625 4211.22216796875 4016.67041015625 5004.55224609375 14900.0947265625 118571.4453125 123152.5390625 23506.77734375 14164.486328125 13896.654296875 13183.4501953125 12096.85546875
12625.130859375 16369.951171875 56318.84765625 124116.5859375 92056.7109375 32097.033203125 16847.5546875 12136.3359375 10157.31640625 10672.9580078125 12085.314453125 16840.95703125 78420.6328125 313918.25 299045.96875 60188.75390625 4519.20556640625 3507.8623046875 2761.236572265625 2065.624267578125 2097.5712890625 2505.454833984375 3060.798583984375 4509.703125 5842.13623046875 9092.439453125 12532.9794921875 18943.896484375 26281.984375 77892.0625 161512.34375 175372.59375 94802.5703125 38275.8984375 13710.404296875 7734.46435546875 4309.02001953125 3976.071044921875 3788.608642578125 4278.07080078125 6439.03759765625 31370.126953125 164342.453125 89562.8984375 19785.705078125 16669.986328125 14622.05859375 12578.4267578125
13857.9599609375 16142.34375 27421.759765625 107030.328125 124085.7734375 50545.578125 23496.341796875 15028.103515625 11087.1298828125 9928.7197265625 11280.4755859375 14653.47265625 52257.20703125 332538.90625 311302.8125 68259.125 4762.48291015625 3429.188232421875 2753.435302734375 2463.16845703125 2086.2216796875 2436.210205078125 2680.270751953125 3294.0361328125 4715.61279296875 6795.30859375 9158.2353515625 13768.9921875 21195.2109375 78112.3125 208367.484375 181218.96875 89717.625 27215.060546875 10257.609375 5962.38037109375 4486.35009765625 3039.463623046875 2782.07568359375 2809.2685546875 3213.94580078125 4484.85009765625 72579.0703125 152640.859375 105571.640625 22704.4453125 16342.7744140625 13647.431640625
8062.32861328125 15944.7177734375 21753.021484375 69028.375 125378.6171875 101932.7265625 48517.6171875 22093.51953125 14076.9755859375 10528.095703125 9248.2431640625 11404.216796875 25585.87890625 308521.9375 355910.71875 96897.640625 6450.71728515625 3724.507568359375 3084.736328125 2625.02490234375 2451.127685546875 2330.858154296875 2552.13232421875 3071.10009765625 4045.381591796875 5679.24658203125 7989.81591796875 10526.5009765625 15838.7529296875 73930.515625 211137.5 200888.25 84164.2890625 23135.396484375 10513.4580078125 5908.39404296875 4373.2177734375 3770.121826171875 2599.42138671875 2092.240966796875 2327.797119140625 2595.211669921875 17393.40234375 82700.1796875 158064.703125 91559.3046875 20653.34765625 14733.2041015625
