data/carea.asc
ncols        117
nrows        117
xllcorner    794599.107614634559
yllcorner    8931774.874602528289
cellsize     30.850000000000
NODATA_value  -99999
[rows 0 to 20 of 117, columns 0 to 47 of 117]
1225.3043212890625 1165.4632568359375 1002.5926513671875 1698.3348388671875 3597.70751953125 5955.34765625 8693.5244140625 11830.3525390625 15447.4501953125 19427.416015625 23322.96875 27193.6328125 28703.279296875 29569.697265625 30102.58984375 29864.634765625 29445.583984375 29930.546875 32507.76171875 35025.0234375 41440.234375 53004.19921875 71154.78125 102115.046875 135674.015625 181640.140625 224435.78125 267604.40625 315125.6875 191230.703125 141985.6875 98096.8046875 65373.25390625 41656.5 26810.208984375 17987.3671875 12109.431640625 7677.8642578125 4230.8935546875 2201.134521484375 3026.958984375 4490.12744140625 6587.30078125 17170.30078125 124558.21875 290524.5 54461.29296875 22934.248046875
3539.563720703125 2197.268798828125 1132.4996337890625 1137.3873291015625 1563.6693115234375 2136.426513671875 2769.76318359375 3339.1083984375 3990.461181640625 4375.69580078125 4627.39111328125 4950.3642578125 8441.595703125 12486.1162109375 16204.19140625 20297.025390625 24848.478515625 28484.8984375 31961.5 38495.69921875 45469.8828125 54970.8359375 64251.078125 63252.0703125 57216.46484375 39596.3671875 37441.734375 40161.87890625 44051.8828125 47571.421875 42906.0390625 36270.48828125 26789.171875 17374.162109375 9870.4638671875 6355.0146484375 4593.7509765625 3491.771240234375 2659.977783203125 2276.970947265625 2794.01513671875 4704.76708984375 8496.6787109375 42883.8359375 124730.5703125 84181.3828125 25469.130859375 10176.5419921875
6418.0029296875 2389.754150390625 1430.9359130859375 1015.16015625 1079.941162109375 1557.8095703125 2136.654052734375 2845.25634765625 3496.926513671875 4003.808349609375 4575.60009765625 5271.9560546875 6135.33203125 7544.55908203125 9301.6552734375 11738.4560546875 15078.9013671875 18762.943359375 22396.650390625 26564.84765625 30289.271484375 32319.05078125 31622.08984375 25463.5390625 23146.671875 24453.521484375 29415.1171875 37857.86328125 42013.37109375 39583.015625 37147.5 35077.80078125 26707.703125 17427.658203125 9980.0791015625 5876.21728515625 4323.4677734375 3211.357666015625 2493.36083984375 2435.525146484375 3144.37548828125 5020.52587890625 12065.109375 61875.21484375 109880.15625 59629.75390625 23223.220703125 11316.447265625
9461.7138671875 2969.755615234375 2157.342529296875 1419.992919921875 951.72247314453125 1057.888427734375 1616.90087890625 2560.79443359375 3221.507080078125 3763.615966796875 4645.837890625 5660.47021484375 6785.26611328125 7685.208984375 8857.140625 10779.0888671875 12635.435546875 14109.1328125 16535.998046875 17886.1015625 19516.79296875 19568.50390625 18877.884765625 16468.505859375 17024.337890625 21507.3359375 28640.357421875 37212.9765625 43362.69140625 35933.796875 30629.9765625 30345.251953125 28110.794921875 17418.658203125 10228.5322265625 5830.2041015625 3948.68408203125 3010.754638671875 2399.35546875 2636.9111328125 3759.55078125 6353.826171875 21527.47265625 72146.46875 90550.8203125 45514.03125 19721.58984375 10974.8984375
12853.0908203125 3581.194580078125 2880.63134765625 2012.208984375 1278.2406005859375 951.72247314453125 1480.8819580078125 2137.28515625 2759.01611328125 3757.949951171875 4538.47216796875 5467.92041015625 6072.2861328125 6864.27880859375 8185.927734375 9628.1982421875 10309.4501953125 11452.5322265625 12008.2197265625 12381.107421875 13046.794921875 13947.6162109375 13522.1337890625 13140.7109375 14198.3369140625 20408.94921875 29985.162109375 39657.703125 44054.05859375 33878.63671875 21855.306640625 23820.244140625 27592.23828125 18831.998046875 10380.9140625 6229.876953125 4077.765869140625 2910.115966796875 2412.905517578125 2923.509521484375 4335.09619140625 7404.404296875 29556.609375 72405.9765625 71688.734375 37231.62890625 16338.6103515625 9861.830078125
16833.9609375 4438.50390625 3512.650146484375 2610.75634765625 1725.3642578125 951.72247314453125 1038.2294921875 1602.0667724609375 2509.329833984375 3031.823974609375 3869.019287109375 4412.671875 5102.26220703125 6094.13525390625 7267.3134765625 7782.2783203125 8365.65234375 8648.880859375 8706.0263671875 9301.1455078125 10275.509765625 10945.048828125 10869.48828125 10852.40625 12760.6025390625 21000.259765625 34445 44796.21484375 41881.0078125 28512.091796875 15407.8486328125 18603.568359375 23787.826171875 20609.84375 11756.8818359375 6791.52392578125 4627.06005859375 3071.30517578125 2682.72412109375 3270.158203125 4957.46630859375 9419.6337890625 35168.609375 70824.078125 57875.90234375 29378.845703125 14880.8291015625 9273.6787109375
21531.40234375 5071.09326171875 4042.255615234375 2953.23486328125 1989.2989501953125 1140.853759765625 981.501953125 1271.7449951171875 1663.7342529296875 2262.0517578125 2890.410888671875 3415.8486328125 4195.1748046875 5152.693359375 5820.544921875 6314.84375 6656.03857421875 6706.62646484375 6934.1357421875 7671.4482421875 8407.8212890625 8897.6337890625 8888.16796875 9610.7626953125 12297.857421875 23479.28125 40498.26953125 48837.28515625 36244.81640625 18421.54296875 11504.6953125 13220.0126953125 19482.34765625 19358.73828125 13859.3837890625 8320.287109375 5252.05615234375 3550.341796875 3011.9208984375 3643.634521484375 5245.56298828125 10175.9765625 36429.33203125 67251 50692.91015625 26150.166015625 13233.44921875 8803.1123046875
26730.869140625 5453.421875 4186.4072265625 3240.293212890625 2234.580810546875 1636.5345458984375 1166.893798828125 1208.82568359375 1417.2427978515625 1758.6495361328125 2063.15625 2663.588623046875 3422.703857421875 4279.18896484375 4811.8134765625 5179.0654296875 5474.39599609375 5713.931640625 6178.970703125 6480.46630859375 7114.35888671875 7480.23974609375 7879.5830078125 8459.1591796875 13152.5849609375 28969.865234375 47893.62109375 45111.9765625 25272.54296875 11118.72265625 8558.720703125 10361.4853515625 14444.443359375 16446.880859375 13976.25390625 9451.9541015625 6183.98095703125 4035.380859375 3304.0771484375 3915.953857421875 5077.1103515625 10602.619140625 36857.70703125 61961.375 46378.26171875 22453.6953125 12168.83984375 8845.611328125
31724.07421875 5450.6337890625 4373.1044921875 3417.097412109375 2690.97802734375 2071.34521484375 1704.1337890625 1540.8519287109375 1570.774658203125 1731.6064453125 1807.3026123046875 2181.656005859375 2815.5029296875 3626.73876953125 4032.599853515625 4266.06298828125 4739.4521484375 4972.54833984375 5603.4384765625 5989.5771484375 6567.3408203125 6584.68212890625 7179.89453125 8465.080078125 15278.06640625 35895.0078125 49405.609375 34682.98828125 14624.2392578125 7548.95361328125 6712.28759765625 8393.2900390625 10400.8642578125 13424.7470703125 12598.0771484375 9665.90625 6536.78173828125 4306.6962890625 3605.0888671875 3822.194580078125 5194.50390625 10962.859375 37842.38671875 56172.28515625 40303.35546875 20512.318359375 11645.9375 8654.361328125
36432.96875 5139.11572265625 4391.5654296875 3711.59814453125 3150.965087890625 2606.10009765625 2284.622314453125 2034.7523193359375 1836.763427734375 1923.3294677734375 2090.946044921875 2032.8251953125 2435.842041015625 2802.237548828125 3179.36962890625 3609.686279296875 4056.306640625 4528.84716796875 5091.15087890625 5997.22509765625 6187.201171875 6510.86376953125 7093.85498046875 8661.275390625 16827.685546875 41745.70703125 45405.41015625 21850.341796875 9185.3115234375 6326.27294921875 5740.5 6403.52880859375 8313.9853515625 10510.2880859375 10941.646484375 9417.1337890625 6328.169921875 4477.5830078125 3747.22412109375 4099.8544921875 5469.642578125 11126.12890625 38135.08984375 53585.9140625 32518.828125 17445.7734375 11795.9609375 8887.7685546875
41058.08203125 5301.9521484375 4729.88525390625 4239.109375 3663.2001953125 3315.8984375 2916.7958984375 2658.282958984375 2371.691162109375 2284.89990234375 2086.554931640625 2278.4462890625 1965.78857421875 2206.029052734375 2537.337646484375 3046.2890625 3403.306884765625 4123.55712890625 4859.56787109375 5678.0498046875 6311.5185546875 6959.81640625 8169.58740234375 9770.52734375 21955.4375 41467.69140625 37649.17578125 15948.037109375 7110.12548828125 5422.43212890625 5070.94970703125 5498.9912109375 6541.75439453125 8264.4873046875 9212.130859375 8698.4443359375 6378.40576171875 4465.38427734375 4177.12646484375 4604.89013671875 6264.6044921875 13398.837890625 38111.203125 45054.02734375 27554.9296875 13979.2939453125 11362.8759765625 8865.6640625
46026.3984375 6033.19189453125 5357.5458984375 4901.40869140625 4518.8837890625 4077.1923828125 3551.718994140625 3209.4873046875 3151.76513671875 2667.350830078125 2519.910888671875 2240.704833984375 2080.099365234375 2073.234619140625 2191.02685546875 2574.1083984375 3058.846435546875 3605.9677734375 4379.9091796875 5133.58447265625 6111.66845703125 7495.64404296875 8955.5146484375 11198.115234375 21487.091796875 35702.23046875 31910.775390625 14552.125 6380.009765625 4861.84130859375 4796.93212890625 4835.83251953125 5509.58544921875 6769.310546875 7484.591796875 7772.85009765625 6080.97607421875 4846.2060546875 4386.84130859375 5507.6591796875 8162.21923828125 17185.19921875 34015.01953125 38703.99609375 22059.54296875 13160.3408203125 10200.814453125 9088.4453125
51484.23046875 6785.720703125 6064.33203125 5804.01708984375 5073.462890625 4525.21728515625 4144.94384765625 3906.75732421875 3545.176513671875 3416.095458984375 3073.9853515625 2637.0849609375 2349.81884765625 2349.763671875 2425.021484375 2559.319091796875 2868.935302734375 3284.62255859375 3841.24853515625 4953.390625 5787.17626953125 6947.67626953125 8187.658203125 10996.1162109375 15758.787109375 24596.14453125 27354.802734375 18440.265625 9887.029296875 5926.7314453125 4533.24169921875 4810.91650390625 4952.3134765625 5645.4892578125 6406.400390625 6619.5732421875 6015.3017578125 5281.68505859375 5267.08984375 6765.02099609375 10078.234375 17439.90234375 30051.19921875 29045.42578125 17898.556640625 12689.1640625 9853.6298828125 8513.865234375
57598.06640625 7144.62109375 6774.10205078125 5899.25244140625 5184.73291015625 4820.0068359375 4549.1826171875 4501.26416015625 4258.00634765625 3855.061767578125 3816.528564453125 3200.543701171875 2762.951416015625 2628.149658203125 2696.35205078125 2812.569580078125 2815.86376953125 2917.669921875 3325.7314453125 3873.59912109375 4778.33544921875 5245.8583984375 6618.28076171875 8554.865234375 11101.115234375 15375.81640625 19872.513671875 18362.681640625 12339.380859375 8702.5244140625 5572.89013671875 4755.06201171875 4921.02587890625 5119.87841796875 5809.06201171875 5903.20751953125 6024.1259765625 5782.8564453125 6473.14111328125 7832.673828125 11177.6611328125 17263.607421875 24201.84375 19278.69140625 16011.380859375 12246.583984375 9391.8505859375 8358.0234375
63511.17578125 7577.38720703125 6651.47509765625 5966.31396484375 5273.123046875 5404.552734375 5304.642578125 5145.64208984375 4781.1982421875 4666.84375 4124.86669921875 3920.346923828125 3249.43701171875 3270.296630859375 3001.77490234375 3074.5244140625 3025.505126953125 2861.68994140625 2509.817138671875 2773.40283203125 3165.236083984375 4034.340576171875 5390.4345703125 6487.8154296875 8288.4638671875 11333.626953125 13344.1806640625 14062.984375 11777.482421875 9315.9599609375 6747.2998046875 5345.5234375 4649.8623046875 5061.34521484375 5175.41064453125 5654.52001953125 6025.552734375 6261.16796875 7066.2177734375 8354.61328125 11083.904296875 14247.623046875 14884.2333984375 14807.0595703125 13379.220703125 11433.9384765625 9328.4755859375 7976.27587890625
69307.8125 7187.13623046875 6607.63671875 6098.88330078125 6100.19140625 6274.28564453125 5976.27197265625 5599.8427734375 5577.81591796875 4900.1044921875 4666.2529296875 4460.06298828125 4166.2490234375 3747.57421875 3640.49072265625 3693.723876953125 3429.8076171875 2896.703857421875 2487.65673828125 1993.13525390625 2109.755859375 2850.124755859375 3651.751220703125 4873.642578125 6743.63671875 8502.9013671875 8980.884765625 10012.7841796875 9447.427734375 8088.5576171875 6391.033203125 5523.4501953125 4669.71630859375 4700.11181640625 4775.88232421875 5141.74365234375 5487.60791015625 5888.49365234375 7059.27734375 7735.87939453125 9307.302734375 10896.8271484375 10172.9580078125 10480.744140625 10728.0087890625 10104.25 8632.8466796875 7446.5673828125
68013.4765625 15343.853515625 7197.23486328125 6858.4033203125 7091.40966796875 6938.57861328125 6811.5009765625 6451.361328125 5794.73095703125 5209.34619140625 5195.63037109375 5119.56396484375 4889.25244140625 4561.05029296875 4642.50537109375 4505.26171875 4185.4404296875 3460.840576171875 2700.9638671875 1965.6214599609375 1548.11181640625 1480.9625244140625 2393.428955078125 3812.920654296875 5212.61083984375 6136.8564453125 6568.28076171875 7467.484375 7363.30078125 6576.2587890625 5530.3388671875 5041.86376953125 4540.46826171875 4264.837890625 4366.4638671875 4376.806640625 5023.10009765625 5613.17724609375 5987.6943359375 6914.57958984375 7696.94482421875 7870.0595703125 7893.40185546875 7557.18310546875 7843.45849609375 7869.00634765625 7534.63818359375 6829.93212890625
65746.484375 23154.607421875 9234.0234375 8278.216796875 8064.32177734375 8287.5517578125 7553.4697265625 6690.27294921875 6197.66650390625 5553.15185546875 5610.9990234375 5944.35009765625 5607.0849609375 5445.61767578125 5668.11279296875 5724.44873046875 5195.28125 4492.1728515625 3872.628173828125 2804.3359375 1509.8912353515625 1538.6097412109375 1643.1732177734375 2580.34375 3528.218505859375 4399.67919921875 5356.86669921875 5913.6474609375 5523.47900390625 5261.298828125 4777.47607421875 4229.04296875 4028.802734375 3869.60107421875 3746.989990234375 3853.9921875 4199.19189453125 4758.24560546875 5125.3837890625 5794.830078125 6066.53662109375 6309.29345703125 5739.703125 5752.52978515625 5784.3779296875 5843.3251953125 5522.15478515625 5336.232421875
68341.9765625 26416.701171875 11473.490234375 9662.162109375 9781.5048828125 9268.271484375 7809.71435546875 6806.728515625 6126.28515625 5574.9013671875 5993.2587890625 6837.90283203125 6342.0556640625 6675.82568359375 7229.6376953125 6929.67236328125 7014.61962890625 6363.3125 5242.5908203125 4096.7060546875 3654.1298828125 2511.621337890625 2246.721923828125 2816.172607421875 3155.806396484375 3590.990966796875 3909.00146484375 4558.466796875 4490.939453125 4123.00048828125 3785.189697265625 3621.215576171875 3405.919189453125 3216.75927734375 3163.646240234375 3146.989501953125 3429.59033203125 3718.2802734375 4214.21484375 4564.19287109375 4812.28662109375 4837.0693359375 4644.86767578125 4464.74951171875 4289.96875 4186.79541015625 3856.83251953125 3661.791015625
74520.3515625 25677.3828125 14439.9970703125 11005.1845703125 10445.1298828125 9053.2685546875 7324.84033203125 6466.04248046875 6080.01904296875 6076.248046875 6043.20947265625 7535.5419921875 7344.2353515625 8065.49169921875 9366.7197265625 9902.3271484375 9225.5087890625 8308.970703125 7185.9658203125 6936.95068359375 5778.90966796875 4950.2900390625 3912.452392578125 3403.566162109375 3388.237548828125 3315.311767578125 3355.61279296875 3422.53955078125 3339.673583984375 3141.77587890625 3022.651611328125 2695.83935546875 2785.15625 2461.94921875 2482.265625 2366.671875 2598.639892578125 2922.67919921875 3018.230712890625 3478.326171875 3616.179443359375 3814.974365234375 3653.06884765625 3314.7578125 3117.5830078125 2747.187744140625 2610.901123046875 2293.373779296875
80471.03125 28730.91796875 14156.9091796875 11067.54296875 10177.01953125 8213.8232421875 6941.0283203125 6661.24853515625 6768.60302734375 5981.54248046875 6388.546875 7237.95458984375 8444.35546875 9789.8134765625 12136.447265625 14141.595703125 12238.6484375 11123.1220703125 10689.1083984375 9331.7197265625 7850.8046875 5856.3369140625 4289.259765625 3529.775146484375 3452.9677734375 2975.99267578125 2699.1328125 2703.174560546875 2542.815185546875 2205.955810546875 2015.1221923828125 1992.8033447265625 1939.67138671875 1821.0560302734375 1579.74951171875 1650.131591796875 1846.9593505859375 1952.9078369140625 2200.4609375 2295.121337890625 2671.931884765625 2725.49267578125 2583.139892578125 2363.094970703125 2105.666259765625 1914.3397216796875 1696.2392578125 1567.5606689453125
