data/carea.asc
ncols        117
nrows        117
xllcorner    794599.107614634559
yllcorner    8931774.874602528289
cellsize     30.850000000000
NODATA_value  -99999
[rows 21 to 41 of 117, columns 48 to 95 of 117]
1700.6385498046875 2191.716064453125 2790.266357421875 3273.606689453125 3517.185791015625 3870.625732421875 3833.357421875 4050.639892578125 4179.44287109375 4168.54052734375 4282.23291015625 4129.51953125 3656.64208984375 3006.023193359375 2802.611572265625 2889.38720703125 3735.60791015625 4568.02685546875 5504.57373046875 5390.13671875 4787.2568359375 4013.529052734375 3267.228759765625 3417.40478515625 2974.014892578125 3614.382080078125 3321.98193359375 3691.875244140625 4148.8662109375 4499.07568359375 4807.75244140625 5171.3212890625 5501.86572265625 6051.265625 6827.8212890625 7612.32568359375 8562.2470703125 8965.3525390625 9705.919921875 10093.419921875 11303.9013671875 11830.3251953125 11806.5712890625 12167.5673828125 12615.0478515625 12173.703125 10434.4765625 10463.53515625
2666.73095703125 3431.846923828125 4515.3388671875 5029.18115234375 5390.13037109375 4912.5498046875 4978.73828125 5125.64013671875 5357.64013671875 5215.380859375 5682.01025390625 5393.37890625 4469.42138671875 3708.290283203125 3147.454345703125 3438.89453125 4089.4697265625 5495.95556640625 6669.60107421875 6846.07861328125 5802.62548828125 4732.62890625 4235.23779296875 3560.051025390625 3218.208251953125 3155.6416015625 3945.1044921875 3078.275634765625 3485.4765625 3885.8486328125 4501.23681640625 5000.29296875 5347.48876953125 5693.3125 6292.5703125 7096.09033203125 7687.27099609375 8164.63720703125 8722.2197265625 9525.4609375 10863.59765625 11650.3818359375 11636.1640625 11747.4482421875 10852.4189453125 9648.548828125 9056.716796875 9074.0068359375
3467.531005859375 4629.42431640625 5920.458984375 7312.55029296875 7165.22509765625 6521.97314453125 6419.5703125 6593.70556640625 6555.90478515625 6969.97998046875 7000.06787109375 6528.30810546875 5155.30078125 4103.2548828125 3652.382080078125 3623.65576171875 4694.94921875 5965.306640625 7838.48291015625 8357.83984375 7213.5185546875 5743.46630859375 5062.927734375 4169.7392578125 3469.682373046875 3284.552734375 3729.58203125 3173.34619140625 3148.168212890625 3762.151611328125 4444.560546875 4957.3359375 5366.8759765625 5538.80029296875 5819.5654296875 6140.03271484375 6538.8017578125 6958.0810546875 7407.53564453125 8075.7333984375 8837.349609375 9671.2734375 10805.6123046875 10859.2724609375 10367.0322265625 9330.7626953125 9138.3251953125 8998.548828125
4022.035400390625 5418.83740234375 7140.35302734375 9259.1953125 9823.47265625 8288.16796875 8459.2041015625 8468.7734375 8832.2490234375 8807.458984375 8365.7978515625 7234.482421875 5825.32861328125 4783.29296875 3905.636962890625 4016.12353515625 4785.31982421875 6325.53271484375 8745.48046875 9933.322265625 9044.75390625 7295.3759765625 5640.17333984375 4906.52294921875 3877.44677734375 3608.64208984375 4073.85498046875 4603.109375 2928.804443359375 3569.10107421875 4474.5244140625 5082.35791015625 5527.4892578125 5542.0947265625 5537.3291015625 5803.00244140625 5947.0546875 6350.1787109375 7021.6806640625 7866.60205078125 8354.1826171875 9431.00390625 10294.625 10270.158203125 10493.845703125 11027.3232421875 10630.8388671875 10431.6533203125
4175.7646484375 5768.9814453125 7978.779296875 10943.720703125 12188.25 11133.6943359375 10314.923828125 11229.0546875 11136.048828125 10759.2900390625 9357.1259765625 7874.58837890625 6673.89404296875 5371.73876953125 4387.3525390625 4147.73486328125 4714.2529296875 6571.39697265625 9116.1201171875 11749.63671875 12156.7412109375 8393.923828125 6771.23193359375 5512.41259765625 4711.7705078125 4031.692626953125 4135.935546875 5334.783203125 3168.30712890625 3454.91162109375 4094.149169921875 4938.5380859375 5483.01025390625 6039.99609375 6153.6142578125 6011.09521484375 6305.43994140625 6761.87451171875 7326.08251953125 8340.8095703125 9688.3642578125 10183.59765625 11079.322265625 12247.125 12687.3642578125 12630.3125 13452.3740234375 13355.6103515625
4402.96728515625 5820.96826171875 8026.357421875 11568.0859375 15175.3427734375 15055.775390625 13336.9130859375 13482.4580078125 13775.0625 12536.4638671875 10113.861328125 8905.908203125 7136.96826171875 5590.59765625 4751.71533203125 4221.134765625 4530.62744140625 6120.09130859375 9203.7333984375 12215.9580078125 15659.822265625 11051.255859375 7817.2734375 6416.1015625 5572.044921875 4755.9013671875 4642.14501953125 5958.662109375 3159.4130859375 3216.327392578125 3934.954833984375 4828.16748046875 5307.00048828125 5763.111328125 6335.9033203125 6995.63134765625 7397.5205078125 7984.61083984375 8695.841796875 9673.62109375 10662.6474609375 12170.81640625 13659.7041015625 14961.02734375 17033.55859375 18055.705078125 17817.052734375 18768.572265625
4537.78076171875 5697.08544921875 7940.91455078125 11210.685546875 16627.083984375 19630.478515625 18688.0625 16693.984375 16502.306640625 13952.7822265625 11313.6845703125 9230.26953125 7638.82275390625 6143.68212890625 5050.10693359375 4254.384765625 4304.31396484375 5321.7626953125 7680.21337890625 15521.1796875 16582.318359375 13537.314453125 10126.572265625 7524.79345703125 6380.451171875 5477.7998046875 5530.2109375 5717.6015625 5680.4443359375 2369.345703125 3435.624267578125 4521.01611328125 5457.333984375 5851.1982421875 6579.22265625 7462.19287109375 8107.58154296875 8854.109375 10258.958984375 11517.1318359375 13110.890625 14983.24609375 16785.814453125 19162.818359375 21396.361328125 22908.251953125 24413.341796875 24818.89453125
4646.91748046875 5546.9775390625 7377.6240234375 10132.0068359375 16355.673828125 23634.845703125 25543.287109375 22855.939453125 18605.69921875 15882.439453125 12769.91796875 10375.291015625 8229.451171875 6366.7802734375 5218.75537109375 4494.4658203125 4242.7109375 4614.78857421875 8515.98046875 14534.6318359375 19222.876953125 17257.119140625 12814.7392578125 9396.607421875 7731.6572265625 6307.09765625 5709.67626953125 6360.421875 7004.1494140625 2778.314453125 2945.899658203125 4020.665283203125 5100.4404296875 6016.0908203125 6820.7509765625 7583.1416015625 8264.58984375 9227.669921875 10918.9052734375 12759.9423828125 14263.2705078125 16398.892578125 17641.279296875 18371.26171875 20482.607421875 22816.630859375 23877.712890625 26017.341796875
4774.9775390625 5574.16357421875 6812.74755859375 9595.560546875 14228.08984375 24408.560546875 33343.94140625 31348.34765625 24878.732421875 18445.443359375 14672.720703125 11220.14453125 8558.0185546875 6571.02001953125 5660.85107421875 4753.62890625 3873.76220703125 4961.35205078125 7332.9775390625 13242.505859375 20451.2265625 21323.576171875 17250.529296875 12370.015625 9151.099609375 7488.41845703125 6332.78515625 6197.96240234375 6739.36572265625 6251.03173828125 2235.313720703125 3378.7822265625 4693.29443359375 5373.60302734375 5986.51171875 7024.83642578125 7689.79052734375 8337.8466796875 9581.619140625 11030.84375 13327.7275390625 14166.5498046875 14701.140625 14910.228515625 15580.76953125 17013.61328125 18731.37109375 20338.888671875
4761.0517578125 5478.6279296875 6573.6728515625 8522.021484375 12258.8818359375 19480.41796875 36548.78515625 44525.3671875 36862.16015625 23033.9921875 16353.673828125 11711.7333984375 8692.7294921875 7194.3095703125 6097.53125 4823.42041015625 3772.584228515625 4360.68701171875 6445.0302734375 11709.6533203125 19685.037109375 25007.599609375 22696.94140625 15616.6513671875 11475.9326171875 8697.8935546875 7029.66748046875 6348.365234375 6414.2470703125 8002.8271484375 2979.0517578125 3059.993896484375 3971.08984375 4847.29296875 5099.9091796875 5518.1005859375 6188.25146484375 6329.771484375 7297.3515625 8456.6328125 9247.1630859375 9959.328125 10340.61328125 11723.826171875 12103.4404296875 12830.5810546875 14337.6416015625 15631.8271484375
4911.822265625 5413.75341796875 6627.33154296875 7982.52978515625 11031.5380859375 16274.5224609375 30823.37890625 54461.8203125 55702.47265625 29533.0078125 17505.640625 11718.40234375 8985.3544921875 7498.71875 6638.83349609375 5086.3857421875 3667.546875 3972.380615234375 5667.55810546875 9284.2109375 17292.828125 27253.998046875 28797.13671875 21163.76953125 13966.9658203125 9680.986328125 7930.10302734375 6643.4951171875 6714.9267578125 7309.85107421875 7457.7763671875 2704.514404296875 3616.921630859375 4351.82373046875 4838.75634765625 4650.50830078125 4552.01806640625 4494.7705078125 4762.7890625 5495.49169921875 5721.52587890625 6088.80029296875 7053.80908203125 7861.91064453125 10211.69140625 11861.2490234375 13066.1923828125 14397.427734375
4794.1259765625 5298.89306640625 6299.919921875 7820.85107421875 9545.580078125 13285.984375 21932.015625 50939.98828125 74339.7421875 45452.8125 20488.88671875 12440.0029296875 9169.5263671875 8410.1318359375 7638.3115234375 3867.482666015625 3515.5048828125 3653.551025390625 4544.037109375 6854.40673828125 13876.64453125 27246.109375 34514.5546875 27661.19140625 18316.47265625 11822.439453125 8477.1318359375 7336.876953125 6631.0205078125 7852.6044921875 9880.7587890625 3318.739990234375 3745.52978515625 4268.1611328125 4582.1123046875 4298.3798828125 4041.494140625 3451.43310546875 3435.9619140625 3559.5517578125 3961.206787109375 4447.17333984375 5030.2294921875 6536.28466796875 8554.8125 10861.50390625 12730.8046875 14260.017578125
4296.48095703125 4802.482421875 5634.52197265625 6760.72216796875 8230.970703125 10149.05078125 15347.396484375 33849.609375 80332.7734375 76439.71875 28791.880859375 14498.2412109375 10679.205078125 10203.267578125 7713.98095703125 3491.944580078125 3317.703369140625 3418.00634765625 4191.2275390625 5345.12548828125 9498.31640625 23193.46875 37468.68359375 35629.87890625 25304.77734375 14468.76953125 9766.1220703125 8097.5029296875 7164.35107421875 8642.62109375 11285.6298828125 3768.448974609375 4141.98291015625 4654.46435546875 4733.94921875 4264.16357421875 4202.49462890625 3672.139404296875 3177.268310546875 3473.225341796875 3561.963134765625 3933.480224609375 4787.169921875 6022.3837890625 7935.3017578125 10053.9150390625 12336.6337890625 15207.005859375
4089.0517578125 4062.1708984375 4402.3291015625 5489.73583984375 6723.64306640625 8518.990234375 10934.0546875 20234.39453125 64169.05078125 99025.0625 56217.984375 20440.580078125 14329.6162109375 12114.78125 4229.88427734375 3230.287353515625 3289.182861328125 3352.001708984375 3744.67431640625 4608.10400390625 6771.07177734375 18496.5234375 37127.8125 43027.69921875 32340.814453125 19863.966796875 12141.7646484375 8965.4560546875 8036.7626953125 9037.41796875 9620.552734375 9237.154296875 4059.564208984375 4776.591796875 5264.17626953125 4836.55908203125 4363.72119140625 3749.1748046875 3543.162841796875 3624.746337890625 3992.094482421875 4206.234375 4837.72705078125 5801.35546875 7340.654296875 9862.935546875 12617.4873046875 14834.7880859375
4014.154052734375 3909.31640625 3990.454345703125 4255.60498046875 5671.1630859375 7018.865234375 8689.4541015625 12675.833984375 35831.2734375 99131.296875 96579.484375 35409.74609375 20547.224609375 5875.3837890625 3931.087890625 3897.3271484375 3349.305908203125 3525.21826171875 3808.254150390625 3914.8193359375 5215.29833984375 10834.8603515625 30344.814453125 47407.92578125 43030.30859375 28487.291015625 15963.9970703125 10530.0556640625 8990.8798828125 9061.9013671875 11286.8212890625 11518.765625 3793.216796875 4611.46630859375 5210.5517578125 6089.07861328125 5298.13134765625 4060.5 3796.045166015625 3984.937744140625 4246.4384765625 4678.38916015625 5045.8134765625 5808.26220703125 7346.8623046875 9459.587890625 10968.6611328125 12665.26171875
4419.1904296875 4017.17041015625 3813.30615234375 4132.97412109375 4723.763671875 5710.4033203125 6884.73046875 8909.544921875 17471.705078125 65269.4140625 121767.0859375 90631.953125 18143.833984375 5140.72021484375 4834.20849609375 4262.0791015625 3877.610107421875 3548.418701171875 3822.005615234375 4037.839111328125 4459.80615234375 7221.64111328125 21144.669921875 43897.09765625 51928.66796875 39015.87109375 22781.546875 12062.5625 9687.314453125 11195.2998046875 12729.1748046875 10350.6884765625 8576.994140625 3920.13720703125 4609.8720703125 6485.1103515625 6368.48876953125 4961.5888671875 4232.822265625 4244.54541015625 4383.1201171875 4948.806640625 5634.537109375 6121.28662109375 7361.357421875 8656.345703125 9279.1083984375 9607.798828125
5082.93701171875 4549.11962890625 4272.82177734375 4097.38525390625 4489.5078125 5016.1826171875 5405.94921875 6919.67431640625 10555.7431640625 32553.205078125 103775.2734375 137681.296875 33190.1875 7526.51025390625 5376.82080078125 4631.26953125 4192.26220703125 3687.13525390625 3575.117431640625 4098.65673828125 4509.666015625 5649.57861328125 13602.1943359375 35128.98046875 57572.32421875 48654.79296875 29980.609375 15898.9326171875 11754.275390625 13772.02734375 13916.64453125 12548.4765625 9897.1533203125 2961.14013671875 4846.732421875 6672.384765625 6384.6669921875 5548.0546875 4722.27734375 4384.357421875 4423.8251953125 4626.412109375 5117.5732421875 5442.57861328125 5956.615234375 5881.7939453125 6206.07666015625 6477.236328125
5908.92041015625 5126.4951171875 4882.6806640625 4758.595703125 4754.97021484375 5200.07666015625 5496.58544921875 6386.3173828125 8323.123046875 20393.337890625 69432.0859375 160382.890625 61687.05859375 11943.7041015625 6062.10302734375 4993.14453125 4367.23388671875 3831.33447265625 3793.313720703125 3979.177978515625 4135.86083984375 5224.029296875 8927.4453125 26747.73046875 54625.1796875 58920.3125 42306.91015625 25415.212890625 15673.1865234375 15880.603515625 14340.8056640625 13106.2099609375 11066.763671875 3038.5380859375 5454.19384765625 6942.794921875 6747.80517578125 5809.53076171875 5480.99951171875 4653.09716796875 4165.623046875 4123.8349609375 4228.744140625 4201.919921875 4134.9228515625 4437.62451171875 4516.68115234375 4726.39990234375
6178.6796875 5569.1015625 5291.6259765625 5671.74609375 5558.58740234375 5900.45751953125 6122.3291015625 6947.7724609375 9152.279296875 16074.9482421875 80031.5 125860.9296875 83231.71875 19261.982421875 6844.783203125 5310.43310546875 4340.541015625 3943.889892578125 4278.23583984375 4175.59765625 4070.56201171875 4321.88916015625 6732.25830078125 17417.814453125 46935.43359375 63983.26953125 55499.640625 37448.06640625 22557.84375 16667.6796875 14585.2275390625 12978.4013671875 10624.46875 9224.0244140625 5186.138671875 7194.54150390625 7029.71142578125 6508.80615234375 6102.84228515625 5383.419921875 4260.46337890625 3841.4013671875 3782.988037109375 3688.56787109375 3519.559326171875 3548.559326171875 4124.98681640625 4293.5263671875
6710.51220703125 5572.26025390625 5823.82080078125 6144.71044921875 6757.6064453125 6655.748046875 7253.91650390625 8417.060546875 9912.9189453125 26977.703125 72318.03125 119398.625 90596.625 28165.11328125 7646.00537109375 5485.84912109375 4594.56787109375 4245.2177734375 4460.23095703125 4535.87890625 4269.6162109375 3826.27978515625 4766.53759765625 9852.212890625 34072.95703125 61375.6015625 62626.921875 46548.74609375 33655.328125 21323.6484375 16947.373046875 13829.482421875 12997.5771484375 12280.9287109375 4420.248046875 6802.22900390625 7618.984375 7272.84228515625 7013.34619140625 6021.30810546875 4813.01708984375 4066.610107421875 3834.27880859375 3413.487060546875 3485.465576171875 3503.938720703125 3895.587646484375 5071.201171875
7165.7744140625 6289.04736328125 5653.634765625 5898.83642578125 6885.44580078125 7413.1513671875 7982.2529296875 9561.015625 9847.29296875 31292.78515625 72916.8359375 116604.859375 96860.3359375 35020.35546875 9153.6396484375 5842.06787109375 5144.27001953125 4555.2431640625 4855.65087890625 4693.81494140625 4255.2978515625 3899.07275390625 4160.4501953125 6285.2900390625 21538.37890625 58174.99609375 62367.55078125 52488.46875 40125.28125 30359.0703125 20007.5234375 16697.634765625 14265.5751953125 11448.541015625 11251.8134765625 6047.640625 7648.81298828125 7915.08154296875 7737.36328125 6985.71728515625 5837.9580078125 4882.4716796875 4221.80126953125 3429.5341796875 3128.708984375 3274.782958984375 3831.547607421875 4617.9375
