data/cslope.asc
ncols        117
nrows        117
xllcorner    794599.107614634559
yllcorner    8931774.874602528289
cellsize     30.850000000000
NODATA_value  -99999
[rows 85 to 101 of 117, columns 78 to 116 of 117]
0.25883579254150390625 0.24810270965099334717 0.25250348448753356934 0.29044020175933837891 0.32877928018569946289 0.34559199213981628418 0.34849858283996582031 0.34334188699722290039 0.32790672779083251953 0.28784942626953125 0.21810391545295715332 0.16917476058006286621 0.15946732461452484131 0.15024147927761077881 0.14574103057384490967 0.13708217442035675049 0.13552322983741760254 0.21286533772945404053 0.21736936271190643311 0.20966355502605438232 0.18306672573089599609 0.15022350847721099854 0.15194392204284667969 0.1650762408971786499 0.14806957542896270752 0.12123253196477890015 0.080101720988750457764 0.085852459073066711426 0.10199236124753952026 0.12467362731695175171 0.14038076996803283691 0.15140554308891296387 0.15510082244873046875 0.15778458118438720703 0.15610717236995697021 0.14982137084007263184 0.14123848080635070801 0.14235094189643859863 0.14298474788665771484
0.20889335870742797852 0.20812958478927612305 0.19415169954299926758 0.22899697721004486084 0.29509180784225463867 0.33288034796714782715 0.34023889899253845215 0.33237573504447937012 0.31140887737274169922 0.26767387986183166504 0.20128265023231506348 0.16398161649703979492 0.15652693808078765869 0.15472456812858581543 0.15312367677688598633 0.1498041301965713501 0.196283683180809021 0.21248431503772735596 0.21034316718578338623 0.2014923393726348877 0.18153868615627288818 0.15435327589511871338 0.16553553938865661621 0.1800317615270614624 0.17582248151302337646 0.13349157571792602539 0.11285027116537094116 0.10009244829416275024 0.10607402026653289795 0.12080954760313034058 0.13536375761032104492 0.14112627506256103516 0.14749032258987426758 0.15053968131542205811 0.15007093548774719238 0.14699186384677886963 0.14709584414958953857 0.14250463247299194336 0.14230680465698242188
0.12684197723865509033 0.13544411957263946533 0.13747115433216094971 0.14118905365467071533 0.13221673667430877686 0.11130595207214355469 0.31879052519798278809 0.32403284311294555664 0.29817607998847961426 0.21886824071407318115 0.16442161798477172852 0.15273150801658630371 0.14865089952945709229 0.14990262687206268311 0.15098409354686737061 0.17494316399097442627 0.20401357114315032959 0.20730257034301757813 0.20288638770580291748 0.19409570097923278809 0.14996258914470672607 0.15650065243244171143 0.17094956338405609131 0.18373510241508483887 0.17987786233425140381 0.15546266734600067139 0.13762815296649932861 0.12914156913757324219 0.11493314057588577271 0.11761552095413208008 0.11914110183715820313 0.12352088093757629395 0.13090313971042633057 0.13191859424114227295 0.13790424168109893799 0.14831486344337463379 0.14693441987037658691 0.14236401021480560303 0.14188067615032196045
0.12612101435661315918 0.13536465167999267578 0.14510712027549743652 0.15343374013900756836 0.14483021199703216553 0.13109165430068969727 0.25849181413650512695 0.28989019989967346191 0.2836869657039642334 0.17158834636211395264 0.14113731682300567627 0.13890001177787780762 0.1400918811559677124 0.14192898571491241455 0.15491020679473876953 0.18549290299415588379 0.20491844415664672852 0.20309181511402130127 0.19677320122718811035 0.13881388306617736816 0.14472053945064544678 0.15387222170829772949 0.16843652725219726563 0.18512748181819915771 0.19896140694618225098 0.16945098340511322021 0.16088409721851348877 0.14289373159408569336 0.12949240207672119141 0.11638869345188140869 0.10961087793111801147 0.1092756316065788269 0.11097507178783416748 0.1192213594913482666 0.136882781982421875 0.14381319284439086914 0.14325033128261566162 0.14192275702953338623 0.1411028057336807251
0.11052859574556350708 0.11590202152729034424 0.1299050450325012207 0.14137862622737884521 0.13957253098487854004 0.12813597917556762695 0.11888555437326431274 0.18471246957778930664 0.13801248371601104736 0.12369489669799804688 0.1227316930890083313 0.1243440285325050354 0.1340319216251373291 0.14316360652446746826 0.16151155531406402588 0.2017224729061126709 0.20256721973419189453 0.19989319145679473877 0.18987095355987548828 0.13662841916084289551 0.14122927188873291016 0.15163965523242950439 0.16643567383289337158 0.17587210237979888916 0.19344483315944671631 0.17983919382095336914 0.16106806695461273193 0.14711731672286987305 0.13533437252044677734 0.11936084926128387451 0.10414577275514602661 0.089076347649097442627 0.09079656749963760376 0.11714454740285873413 0.13360840082168579102 0.13564902544021606445 0.13791595399379730225 0.14027249813079833984 0.14058580994606018066
0.098531171679496765137 0.09385350346565246582 0.099827378988265991211 0.11465017497539520264 0.11880015581846237183 0.11604294925928115845 0.11423520743846893311 0.11277889460325241089 0.10961471498012542725 0.10678982734680175781 0.061803244054317474365 0.10192320495843887329 0.122283935546875 0.16547828912734985352 0.1939805448055267334 0.20087438821792602539 0.20053932070732116699 0.19709825515747070313 0.17668798565864562988 0.13655364513397216797 0.14186207950115203857 0.15282689034938812256 0.15798145532608032227 0.17173410952091217041 0.17963075637817382813 0.18269686400890350342 0.15625451505184173584 0.14536753296852111816 0.13237799704074859619 0.11773288995027542114 0.09922580420970916748 0.070652350783348083496 0.076133519411087036133 0.12993818521499633789 0.13867360353469848633 0.13127385079860687256 0.12883017957210540771 0.13561062514781951904 0.13969072699546813965
0.090971142053604125977 0.073460660874843597412 0.080889806151390075684 0.095266647636890411377 0.10241899639368057251 0.10638688504695892334 0.10964478552341461182 0.11122280359268188477 0.11028309911489486694 0.10877238214015960693 0.10487087070941925049 0.10364989191293716431 0.11037527769804000854 0.15635628998279571533 0.19689415395259857178 0.19967724382877349854 0.19897158443927764893 0.19545178115367889404 0.18001759052276611328 0.14880727231502532959 0.14461472630500793457 0.15127481520175933838 0.15933054685592651367 0.16337352991104125977 0.16466011106967926025 0.16859833896160125732 0.1517467498779296875 0.13927066326141357422 0.13140901923179626465 0.11975301802158355713 0.10619387775659561157 0.099818915128707885742 0.12831598520278930664 0.13356857001781463623 0.1313651353120803833 0.12707090377807617188 0.12376616895198822021 0.12778778374195098877 0.13837820291519165039
0.088028185069561004639 0.0702497139573097229 0.078486405313014984131 0.088721215724945068359 0.09601096808910369873 0.10065745562314987183 0.10605835914611816406 0.10741353780031204224 0.10825215280055999756 0.10987255722284317017 0.1108060106635093689 0.11102282255887985229 0.10726305842399597168 0.13514952361583709717 0.19207711517810821533 0.1972735673189163208 0.19837203621864318848 0.19497548043727874756 0.1835924983024597168 0.15683159232139587402 0.15163205564022064209 0.15054884552955627441 0.15695342421531677246 0.15808816254138946533 0.1614026874303817749 0.15498006343841552734 0.14200858771800994873 0.13587321341037750244 0.13308176398277282715 0.13039892911911010742 0.12695562839508056641 0.1311550140380859375 0.15372069180011749268 0.14143542945384979248 0.1267159581184387207 0.12030037492513656616 0.11892194300889968872 0.11766128987073898315 0.13727612793445587158
0.096834272146224975586 0.094586201012134552002 0.089222446084022521973 0.092249922454357147217 0.096240460872650146484 0.0990827903151512146 0.1029801294207572937 0.10518622398376464844 0.10704943537712097168 0.11125035583972930908 0.11658044159412384033 0.11900354921817779541 0.11676395684480667114 0.11234466731548309326 0.10557281225919723511 0.19026288390159606934 0.19516864418983459473 0.19529147446155548096 0.18625187873840332031 0.1631037592887878418 0.15459229052066802979 0.15334042906761169434 0.15435637533664703369 0.1554622650146484375 0.15423111617565155029 0.14966085553169250488 0.14293274283409118652 0.13440433144569396973 0.13566941022872924805 0.13874889910221099854 0.13211801648139953613 0.13234771788120269775 0.1395238041877746582 0.13479189574718475342 0.12207815796136856079 0.11622280627489089966 0.11182036250829696655 0.1113788411021232605 0.083579942584037780762
0.1046366766095161438 0.10543792694807052612 0.10172963887453079224 0.09934215247631072998 0.098010905086994171143 0.10254171490669250488 0.10359201580286026001 0.10448468476533889771 0.10791927576065063477 0.11271844059228897095 0.11989948898553848267 0.12422072887420654297 0.12023283541202545166 0.11602007597684860229 0.11488215625286102295 0.14746576547622680664 0.18693678081035614014 0.19027067720890045166 0.186603546142578125 0.16255462169647216797 0.15423563122749328613 0.15119829773902893066 0.15070839226245880127 0.15041045844554901123 0.14889031648635864258 0.14566284418106079102 0.14202284812927246094 0.13677002489566802979 0.13459032773971557617 0.1350447535514831543 0.12157760560512542725 0.11881063878536224365 0.12511682510375976563 0.12296378612518310547 0.11769765615463256836 0.11536575853824615479 0.1060934215784072876 0.1014130711555480957 0.092838950455188751221
0.10563899576663970947 0.10861311852931976318 0.10787307471036911011 0.10673134773969650269 0.10488384217023849487 0.10452552884817123413 0.10529809445142745972 0.10481908172369003296 0.10671472549438476563 0.1109280511736869812 0.11335122585296630859 0.11782917380332946777 0.11792830377817153931 0.114743843674659729 0.11418543010950088501 0.1149863898754119873 0.12203151732683181763 0.17918354272842407227 0.17722123861312866211 0.14872269332408905029 0.14781022071838378906 0.14666992425918579102 0.14582070708274841309 0.14483581483364105225 0.14352476596832275391 0.14139415323734283447 0.13993217051029205322 0.13867233693599700928 0.12879449129104614258 0.1237195432186126709 0.1119874119758605957 0.11215586960315704346 0.1155651584267616272 0.1184766814112663269 0.12206454575061798096 0.1131545528769493103 0.093454740941524505615 0.095011778175830841064 0.089112848043441772461
0.10583939403295516968 0.10591436922550201416 0.10727863013744354248 0.10792599618434906006 0.10884314030408859253 0.107777424156665802 0.10698961466550827026 0.10287283360958099365 0.10028156638145446777 0.10604097694158554077 0.10775315761566162109 0.11095198243856430054 0.1116606295108795166 0.1113783717155456543 0.11127053201198577881 0.11152201145887374878 0.11246703565120697021 0.1121304929256439209 0.11065661907196044922 0.12862631678581237793 0.13863863050937652588 0.14033308625221252441 0.14043150842189788818 0.14017401635646820068 0.13867294788360595703 0.13802818953990936279 0.1352367103099822998 0.13476970791816711426 0.13230843842029571533 0.10900391638278961182 0.10544525086879730225 0.11348377913236618042 0.11701460927724838257 0.12029601633548736572 0.11929830163717269897 0.1063381880521774292 0.094403922557830810547 0.088149808347225189209 0.036225117743015289307
0.10362084954977035522 0.10447960346937179565 0.10641461610794067383 0.10793180018663406372 0.10891011357307434082 0.10893046110868453979 0.10511498153209686279 0.10485547035932540894 0.10303241759538650513 0.10141797363758087158 0.10606588423252105713 0.10721054673194885254 0.10668401420116424561 0.10711308568716049194 0.10856174677610397339 0.11011572182178497314 0.11100170761346817017 0.11082445830106735229 0.10869841277599334717 0.11484061926603317261 0.13318587839603424072 0.13580784201622009277 0.13505792617797851563 0.13571414351463317871 0.13434405624866485596 0.13184013962745666504 0.12906119227409362793 0.13089616596698760986 0.13243164122104644775 0.11569516360759735107 0.10373762995004653931 0.11338035762310028076 0.11652241647243499756 0.1195743754506111145 0.11352740973234176636 0.10095788538455963135 0.090365551412105560303 0.08476181328296661377 0.064260840415954589844
0.10179196298122406006 0.10420165956020355225 0.10661686956882476807 0.10812802612781524658 0.10890147089958190918 0.10922648012638092041 0.10849515348672866821 0.10701274871826171875 0.10576925426721572876 0.10690774023532867432 0.10604668408632278442 0.10486756265163421631 0.10643658041954040527 0.10726279765367507935 0.10795895755290985107 0.1090524718165397644 0.11001794040203094482 0.11091950535774230957 0.11066791415214538574 0.10990227758884429932 0.11718074977397918701 0.13296592235565185547 0.13358493149280548096 0.13162313401699066162 0.12901958823204040527 0.12412040680646896362 0.1203052327036857605 0.11807742714881896973 0.11720451712608337402 0.10594069212675094604 0.10413004457950592041 0.1087855994701385498 0.11679057031869888306 0.11938671022653579712 0.10896963626146316528 0.098343059420585632324 0.091446675360202789307 0.087440781295299530029 0.086449958384037017822
0.1034983024001121521 0.10646130144596099854 0.10839413106441497803 0.1095454096794128418 0.11004363000392913818 0.11077722907066345215 0.11000034213066101074 0.10895280539989471436 0.1083431243896484375 0.1086521148681640625 0.1094478219747543335 0.10818414390087127686 0.10806351900100708008 0.10822082310914993286 0.10799612849950790405 0.10844492912292480469 0.10974212735891342163 0.11158842593431472778 0.11243751645088195801 0.11141036450862884521 0.11441222578287124634 0.12473642081022262573 0.12977328896522521973 0.12749148905277252197 0.12373153865337371826 0.11678969860076904297 0.11320439726114273071 0.10414326190948486328 0.098255738615989685059 0.08837197721004486084 0.1031010746955871582 0.11233699321746826172 0.11690137535333633423 0.1150994226336479187 0.10531087964773178101 0.097070403397083282471 0.092996507883071899414 0.090044885873794555664 0.086972653865814208984
0.10451598465442657471 0.10955364257097244263 0.1111318543553352356 0.11213279515504837036 0.11211393773555755615 0.11183423548936843872 0.11066398024559020996 0.10963332653045654297 0.11052529513835906982 0.11159472912549972534 0.11154576390981674194 0.11039569973945617676 0.10907385498285293579 0.10810512304306030273 0.10780741274356842041 0.10857631266117095947 0.11012261360883712769 0.11263976246118545532 0.11454364657402038574 0.11466646194458007813 0.11549827456474304199 0.12067344784736633301 0.12485110759735107422 0.12243475019931793213 0.11910954117774963379 0.11756546050310134888 0.10656701773405075073 0.10482998937368392944 0.11004621535539627075 0.12560158967971801758 0.10498990863561630249 0.11256747692823410034 0.11362239718437194824 0.10923691838979721069 0.10106972604990005493 0.095572009682655334473 0.091538459062576293945 0.089238807559013366699 0.089153841137886047363
0.11084482818841934204 0.113485679030418396 0.11399843543767929077 0.11347768455743789673 0.11261086910963058472 0.11089414358139038086 0.11187537014484405518 0.11203319579362869263 0.11246510595083236694 0.11252360790967941284 0.11120375245809555054 0.10999411344528198242 0.10888487100601196289 0.10732035338878631592 0.10768512636423110962 0.11050389707088470459 0.1131181567907333374 0.11520296335220336914 0.11721365898847579956 0.11830515414476394653 0.11602281779050827026 0.11756993085145950317 0.12105458974838256836 0.11841475218534469604 0.1143120303750038147 0.11348941177129745483 0.1151762157678604126 0.11144378781318664551 0.11343118548393249512 0.12215651571750640869 0.10565295815467834473 0.10738889873027801514 0.10632535070180892944 0.10103762894868850708 0.098014347255229949951 0.092681780457496643066 0.087976515293121337891 0.08293266594409942627 0.080782316625118255615
