data/cslope.asc
ncols        117
nrows        117
xllcorner    794599.107614634559
yllcorner    8931774.874602528289
cellsize     30.850000000000
NODATA_value  -99999
[rows 0 to 16 of 117, columns 39 to 77 of 117]
0.33275824785232543945 0.31540772318840026855 0.32623261213302612305 0.34676155447959899902 0.38280957937240600586 0.4187450408935546875 0.42373502254486083984 0.42753908038139343262 0.42438200116157531738 0.42554193735122680664 0.42826572060585021973 0.43254935741424560547 0.44352781772613525391 0.45766106247901916504 0.46984344720840454102 0.47903156280517578125 0.50984913110733032227 0.54506599903106689453 0.55702650547027587891 0.56243586540222167969 0.56399893760681152344 0.56395113468170166016 0.56285440921783447266 0.56181555986404418945 0.56080126762390136719 0.55593395233154296875 0.52972942590713500977 0.5160242915153503418 0.50071847438812255859 0.48992615938186645508 0.48064538836479187012 0.46937265992164611816 0.4547704160213470459 0.44126468896865844727 0.42314985394477844238 0.40322169661521911621 0.39327490329742431641 0.38449135422706604004 0.38800647854804992676
0.35332876443862915039 0.36166629195213317871 0.36813032627105712891 0.38017266988754272461 0.41508704423904418945 0.42604619264602661133 0.43291988968849182129 0.43845087289810180664 0.4394842684268951416 0.43753296136856079102 0.4324404597282409668 0.43479478359222412109 0.44788709282875061035 0.46656337380409240723 0.48107632994651794434 0.4902687370777130127 0.49826729297637939453 0.50980961322784423828 0.53224170207977294922 0.55321902036666870117 0.56439489126205444336 0.56798303127288818359 0.56575822830200195313 0.56408828496932983398 0.56422746181488037109 0.56292778253555297852 0.5696646571159362793 0.55170702934265136719 0.54199302196502685547 0.53034806251525878906 0.52077603340148925781 0.50903695821762084961 0.49156072735786437988 0.46848183870315551758 0.44084998965263366699 0.41302359104156494141 0.40173733234405517578 0.41263976693153381348 0.41702613234519958496
0.37601909041404724121 0.39283031225204467773 0.40789970755577087402 0.41498333215713500977 0.42633748054504394531 0.4309329986572265625 0.43717557191848754883 0.44786360859870910645 0.45564767718315124512 0.45182576775550842285 0.44202512502670288086 0.44100859761238098145 0.45062476396560668945 0.46681734919548034668 0.48268398642539978027 0.49144670367240905762 0.49826517701148986816 0.50971722602844238281 0.53070998191833496094 0.5504576563835144043 0.56026220321655273438 0.56493157148361206055 0.56383186578750610352 0.56355786323547363281 0.56402939558029174805 0.56646925210952758789 0.56672799587249755859 0.56317245960235595703 0.54829657077789306641 0.53714591264724731445 0.52541589736938476563 0.51296341419219970703 0.49479591846466064453 0.46842432022094726563 0.44160512089729309082 0.42040157318115234375 0.41883113980293273926 0.4423675239086151123 0.46148717403411865234
0.38675504922866821289 0.40964421629905700684 0.41953995823860168457 0.42609417438507080078 0.42961281538009643555 0.43316256999969482422 0.44086715579032897949 0.45561307668685913086 0.46587476134300231934 0.46165776252746582031 0.45344713330268859863 0.44834914803504943848 0.45321929454803466797 0.46899092197418212891 0.48422837257385253906 0.49271762371063232422 0.49853372573852539063 0.50867807865142822266 0.52859741449356079102 0.54306733608245849609 0.55118060111999511719 0.55496633052825927734 0.55646967887878417969 0.5581995844841003418 0.56103187799453735352 0.56702470779418945313 0.57539063692092895508 0.58436739444732666016 0.54966282844543457031 0.53723627328872680664 0.51987504959106445313 0.50072771310806274414 0.47602239251136779785 0.45097464323043823242 0.4221636354923248291 0.4142297208309173584 0.43285429477691650391 0.46275502443313598633 0.4856885373592376709
0.38335004448890686035 0.41186976432800292969 0.42427727580070495605 0.4280071556568145752 0.43047663569450378418 0.43432024121284484863 0.44378226995468139648 0.45894655585289001465 0.46841359138488769531 0.46630081534385681152 0.45904982089996337891 0.45278936624526977539 0.45935365557670593262 0.47369918227195739746 0.48638001084327697754 0.49402883648872375488 0.49905800819396972656 0.50749665498733520508 0.52433836460113525391 0.53558611869812011719 0.53932797908782958984 0.53765356540679931641 0.5421193242073059082 0.54805952310562133789 0.55528861284255981445 0.56511300802230834961 0.57599294185638427734 0.57956480979919433594 0.5570240020751953125 0.53205794095993041992 0.5089060664176940918 0.47728741168975830078 0.44530582427978515625 0.41571226716041564941 0.39158356189727783203 0.39683106541633605957 0.43791562318801879883 0.47876682877540588379 0.50522375106811523438
0.38205498456954956055 0.40988484025001525879 0.42432114481925964355 0.42842605710029602051 0.43066567182540893555 0.43529859185218811035 0.44413453340530395508 0.45714414119720458984 0.46638688445091247559 0.46658998727798461914 0.46071696281433105469 0.45826098322868347168 0.46827960014343261719 0.47960200905799865723 0.49067512154579162598 0.49653363227844238281 0.49956408143043518066 0.5052738189697265625 0.5181128382682800293 0.52636796236038208008 0.52479904890060424805 0.5217838287353515625 0.52412837743759155273 0.53497898578643798828 0.54646497964859008789 0.55834859609603881836 0.56828367710113525391 0.57421731948852539063 0.57865345478057861328 0.52589327096939086914 0.50031381845474243164 0.45722597837448120117 0.41865012049674987793 0.38502961397171020508 0.36851778626441955566 0.38628229498863220215 0.44101157784461975098 0.48748174309730529785 0.51593685150146484375
0.3856271207332611084 0.41000661253929138184 0.42224523425102233887 0.42778673768043518066 0.43095615506172180176 0.43516710400581359863 0.44279149174690246582 0.45461076498031616211 0.46118605136871337891 0.46177774667739868164 0.45985653996467590332 0.46341282129287719727 0.47476440668106079102 0.48780325055122375488 0.49712300300598144531 0.50011008977890014648 0.49986979365348815918 0.50222110748291015625 0.51005709171295166016 0.51414346694946289063 0.51301467418670654297 0.51134783029556274414 0.51407301425933837891 0.52364313602447509766 0.53701865673065185547 0.54844039678573608398 0.55644714832305908203 0.56139421463012695313 0.55097860097885131836 0.53039127588272094727 0.49876713752746582031 0.45393729209899902344 0.41310381889343261719 0.37215179204940795898 0.36861452460289001465 0.39885962009429931641 0.45088750123977661133 0.49532485008239746094 0.52060067653656005859
0.38769176602363586426 0.40736344456672668457 0.41840061545372009277 0.4269142448902130127 0.43129226565361022949 0.43513405323028564453 0.44113445281982421875 0.4500770270824432373 0.45481124520301818848 0.45395338535308837891 0.45637983083724975586 0.46505677700042724609 0.47915247082710266113 0.49358248710632324219 0.50315517187118530273 0.50409066677093505859 0.50040608644485473633 0.49904146790504455566 0.50133138895034790039 0.5042387843132019043 0.50552159547805786133 0.5068371891975402832 0.51139146089553833008 0.51923543214797973633 0.53071135282516479492 0.5403658747673034668 0.54402738809585571289 0.54393935203552246094 0.54790121316909790039 0.54905843734741210938 0.50361609458923339844 0.46232393383979797363 0.41781276464462280273 0.38253951072692871094 0.38001993298530578613 0.42421096563339233398 0.46667805314064025879 0.50265741348266601563 0.52649635076522827148
0.38246190547943115234 0.39920419454574584961 0.41419482231140136719 0.42735755443572998047 0.43246641755104064941 0.43567246198654174805 0.43940782546997070313 0.445896148681640625 0.44997504353523254395 0.45081785321235656738 0.45376363396644592285 0.46496450901031494141 0.48031243681907653809 0.49568608403205871582 0.50709414482116699219 0.50753921270370483398 0.50177717208862304688 0.49617454409599304199 0.49418807029724121094 0.49652069807052612305 0.49935930967330932617 0.5036481022834777832 0.50875091552734375 0.51698148250579833984 0.52455490827560424805 0.53048336505889892578 0.52973353862762451172 0.52612012624740600586 0.5302219390869140625 0.58552086353302001953 0.51552021503448486328 0.47519415616989135742 0.42308381199836730957 0.39674639701843261719 0.40357476472854614258 0.4392750859260559082 0.48336502909660339355 0.51414537429809570313 0.53450316190719604492
0.37509977817535400391 0.3901843726634979248 0.41005143523216247559 0.42921549081802368164 0.43507596850395202637 0.43648579716682434082 0.43774238228797912598 0.44216373562812805176 0.44857555627822875977 0.45250201225280761719 0.45822790265083312988 0.46599683165550231934 0.4813366234302520752 0.49772498011589050293 0.50790953636169433594 0.51031547784805297852 0.50324481725692749023 0.4940700829029083252 0.48910930752754211426 0.48803231120109558105 0.49132260680198669434 0.49744015932083129883 0.50435906648635864258 0.50996327400207519531 0.51195693016052246094 0.51308065652847290039 0.50832068920135498047 0.50670194625854492188 0.50460952520370483398 0.51981806755065917969 0.54061454534530639648 0.47344931960105895996 0.42909371852874755859 0.39979848265647888184 0.41803833842277526855 0.45546555519104003906 0.49254363775253295898 0.52400404214859008789 0.54217171669006347656
0.37287908792495727539 0.38929513096809387207 0.41193330287933349609 0.43320253491401672363 0.43924430012702941895 0.43721163272857666016 0.43458819389343261719 0.44030421972274780273 0.44778579473495483398 0.45621538162231445313 0.46300226449966430664 0.47200685739517211914 0.4850464165210723877 0.49883165955543518066 0.50908482074737548828 0.51100385189056396484 0.50410538911819458008 0.49331125617027282715 0.48410329222679138184 0.47900208830833435059 0.48122969269752502441 0.48588639497756958008 0.49063289165496826172 0.49273461103439331055 0.49143621325492858887 0.48594191670417785645 0.48019939661026000977 0.47757512331008911133 0.47226637601852416992 0.46786302328109741211 0.55852639675140380859 0.4754524528980255127 0.41962060332298278809 0.40243840217590332031 0.42853209376335144043 0.46194797754287719727 0.49767345190048217773 0.52777069807052612305 0.54339742660522460938
0.38007935881614685059 0.39786925911903381348 0.42151507735252380371 0.44044712185859680176 0.44474300742149353027 0.43857726454734802246 0.43223688006401062012 0.43763276934623718262 0.44660750031471252441 0.45751243829727172852 0.46768003702163696289 0.47754275798797607422 0.48923152685165405273 0.50026869773864746094 0.50789761543273925781 0.50846958160400390625 0.50196492671966552734 0.49077022075653076172 0.4782187044620513916 0.46895009279251098633 0.46534648537635803223 0.46720173954963684082 0.46727111935615539551 0.46624547243118286133 0.46393471956253051758 0.45437574386596679688 0.44638842344284057617 0.43719634413719177246 0.43028771877288818359 0.41674813628196716309 0.42367723584175109863 0.46116849780082702637 0.41840633749961853027 0.41806203126907348633 0.43817156553268432617 0.46969118714332580566 0.50189036130905151367 0.52613437175750732422 0.56845879554748535156
0.39362245798110961914 0.41219627857208251953 0.43488746881484985352 0.45018884539604187012 0.45225217938423156738 0.44127073884010314941 0.43248236179351806641 0.43403765559196472168 0.44217184185981750488 0.45461946725845336914 0.46705225110054016113 0.47937884926795959473 0.49051582813262939453 0.49881273508071899414 0.5038859248161315918 0.50210338830947875977 0.49200296401977539063 0.4827149808406829834 0.46745377779006958008 0.45358628034591674805 0.44383651018142700195 0.44034400582313537598 0.43890097737312316895 0.43621021509170532227 0.43273493647575378418 0.42110443115234375 0.40507352352142333984 0.38931226730346679688 0.37511175870895385742 0.3625316917896270752 0.36477431654930114746 0.44273531436920166016 0.44716763496398925781 0.43573358654975891113 0.45341980457305908203 0.48060685396194458008 0.50615751743316650391 0.52461838722229003906 0.57847768068313598633
0.41159102320671081543 0.4311339259147644043 0.45003977417945861816 0.46157300472259521484 0.46130511164665222168 0.44794833660125732422 0.4339243471622467041 0.42732167243957519531 0.43171951174736022949 0.44448426365852355957 0.45891490578651428223 0.47444513440132141113 0.48402041196823120117 0.49065127968788146973 0.49136689305305480957 0.48814615607261657715 0.48001682758331298828 0.46580386161804199219 0.44983124732971191406 0.43057280778884887695 0.41581225395202636719 0.40764221549034118652 0.40499454736709594727 0.40495407581329345703 0.40090548992156982422 0.38503670692443847656 0.3638852536678314209 0.33788904547691345215 0.30738157033920288086 0.30075296759605407715 0.33803164958953857422 0.41471558809280395508 0.45007565617561340332 0.44942227005958557129 0.46855956315994262695 0.49102884531021118164 0.50733458995819091797 0.56023895740509033203 0.57231676578521728516
0.43042927980422973633 0.44833621382713317871 0.46199929714202880859 0.47409278154373168945 0.47263094782829284668 0.45780581235885620117 0.43668800592422485352 0.42011398077011108398 0.41694352030754089355 0.42621561884880065918 0.44407010078430175781 0.45673534274101257324 0.46495100855827331543 0.46910122036933898926 0.46906319260597229004 0.46346613764762878418 0.45310202240943908691 0.43766844272613525391 0.41840827465057373047 0.39923676848411560059 0.3814341425895690918 0.36978739500045776367 0.3626422584056854248 0.36454376578330993652 0.36149984598159790039 0.34343394637107849121 0.31329035758972167969 0.2797768712043762207 0.23723956942558288574 0.24724330008029937744 0.31655007600784301758 0.40112468600273132324 0.44594392180442810059 0.46209171414375305176 0.48088601231575012207 0.4950625002384185791 0.53684812784194946289 0.55885452032089233398 0.56077349185943603516
0.43882969021797180176 0.45608940720558166504 0.47035932540893554688 0.48172971606254577637 0.48388144373893737793 0.46849918365478515625 0.44186496734619140625 0.41311848163604736328 0.39626672863960266113 0.39898928999900817871 0.4161542356014251709 0.42826470732688903809 0.43095600605010986328 0.43029960989952087402 0.42869043350219726563 0.41614818572998046875 0.40207582712173461914 0.38522922992706298828 0.36662995815277099609 0.35192698240280151367 0.33867552876472473145 0.32157573103904724121 0.31258568167686462402 0.31387510895729064941 0.30900630354881286621 0.2810414731502532959 0.23739874362945556641 0.19402559101581573486 0.14632880687713623047 0.22440929710865020752 0.31350356340408325195 0.37222847342491149902 0.43698722124099731445 0.47096800804138183594 0.4817091822624206543 0.49692848324775695801 0.55201143026351928711 0.56306290626525878906 0.5526415705680847168
0.43612250685691833496 0.45080873370170593262 0.46689125895500183105 0.4796886444091796875 0.48590925335884094238 0.47484964132308959961 0.44780227541923522949 0.40978735685348510742 0.37498632073402404785 0.36135777831077575684 0.37228354811668395996 0.38504341244697570801 0.37997576594352722168 0.36966687440872192383 0.35687547922134399414 0.34636953473091125488 0.32918441295623779297 0.31116539239883422852 0.29049566388130187988 0.2841962277889251709 0.27458399534225463867 0.26307475566864013672 0.25560516119003295898 0.25427260994911193848 0.24123601615428924561 0.21354334056377410889 0.13033877313137054443 0.051207669079303741455 0.16674533486366271973 0.25241845846176147461 0.3124879002571105957 0.36671391129493713379 0.41561841964721679688 0.45163020491600036621 0.47233802080154418945 0.54206186532974243164 0.54508012533187866211 0.53441953659057617188 0.53555166721343994141
