data/cslope.asc
ncols        117
nrows        117
xllcorner    794599.107614634559
yllcorner    8931774.874602528289
cellsize     30.850000000000
NODATA_value  -99999
[rows 51 to 67 of 117, columns 0 to 38 of 117]
0.4473323822021484375 0.45014524459838867188 0.45529630780220031738 0.47086772322654724121 0.50604206323623657227 0.51777642965316772461 0.52388840913772583008 0.52353990077972412109 0.51729762554168701172 0.50789535045623779297 0.4976520240306854248 0.48893389105796813965 0.48255622386932373047 0.47708675265312194824 0.47811803221702575684 0.47794887423515319824 0.47985857725143432617 0.48237255215644836426 0.4806315004825592041 0.47730877995491027832 0.46867606043815612793 0.45630443096160888672 0.44012302160263061523 0.42381510138511657715 0.41102769970893859863 0.4014911651611328125 0.39543563127517700195 0.39245009422302246094 0.39106780290603637695 0.39097496867179870605 0.39220145344734191895 0.39401403069496154785 0.39735695719718933105 0.39790800213813781738 0.3923549950122833252 0.38346707820892333984 0.37304863333702087402 0.36413800716400146484 0.35663825273513793945
0.44837984442710876465 0.45129060745239257813 0.4584897458553314209 0.47960951924324035645 0.50050020217895507813 0.5087674260139465332 0.51444268226623535156 0.51576876640319824219 0.50966173410415649414 0.49948751926422119141 0.48987981677055358887 0.48127642273902893066 0.47483161091804504395 0.47053998708724975586 0.47057309746742248535 0.47251990437507629395 0.47527590394020080566 0.47578081488609313965 0.47532343864440917969 0.47052609920501708984 0.4622109532356262207 0.44997861981391906738 0.43537029623985290527 0.42018285393714904785 0.40868794918060302734 0.40000745654106140137 0.39568740129470825195 0.39317253232002258301 0.39258375763893127441 0.3925901949405670166 0.39325165748596191406 0.39471966028213500977 0.39732483029365539551 0.39813697338104248047 0.39121073484420776367 0.38261839747428894043 0.37320652604103088379 0.36500313878059387207 0.3579502403736114502
0.44919896125793457031 0.45310419797897338867 0.46323296427726745605 0.47923249006271362305 0.49046936631202697754 0.49856349825859069824 0.50506836175918579102 0.50818288326263427734 0.50431203842163085938 0.49457126855850219727 0.48403206467628479004 0.47712787985801696777 0.47142243385314941406 0.46767011284828186035 0.46473917365074157715 0.46797427535057067871 0.4701983034610748291 0.47059261798858642578 0.46983352303504943848 0.46492189168930053711 0.45626211166381835938 0.44461557269096374512 0.43198573589324951172 0.41931158304214477539 0.40850263833999633789 0.39911496639251708984 0.39315268397331237793 0.3917433619499206543 0.39187139272689819336 0.39269116520881652832 0.39353466033935546875 0.39534413814544677734 0.3985347449779510498 0.40047666430473327637 0.39289718866348266602 0.38237899541854858398 0.36959761381149291992 0.35826018452644348145 0.34987467527389526367
0.44968113303184509277 0.45561036467552185059 0.46478188037872314453 0.47102209925651550293 0.48065716028213500977 0.49137276411056518555 0.49882870912551879883 0.50148916244506835938 0.50128465890884399414 0.49482104182243347168 0.48439973592758178711 0.47670608758926391602 0.47245928645133972168 0.46845129132270812988 0.46520352363586425781 0.4650135338306427002 0.4655062258243560791 0.46623429656028747559 0.46448257565498352051 0.45966103672981262207 0.45127084851264953613 0.44040229916572570801 0.4289499819278717041 0.41795724630355834961 0.40681996941566467285 0.39683544635772705078 0.38952299952507019043 0.38837006688117980957 0.39045578241348266602 0.39220288395881652832 0.39368429780006408691 0.39598366618156433105 0.4000199735164642334 0.4030856788158416748 0.3960361778736114502 0.38188576698303222656 0.36585527658462524414 0.34844616055488586426 0.33450838923454284668
0.44991087913513183594 0.45674338936805725098 0.46176004409790039063 0.46551975607872009277 0.47503706812858581543 0.48737370967864990234 0.49818220734596252441 0.50297272205352783203 0.5027682185173034668 0.4982109367847442627 0.48932337760925292969 0.48091578483581542969 0.47469693422317504883 0.47012588381767272949 0.46663436293601989746 0.46372738480567932129 0.46233755350112915039 0.46037843823432922363 0.45845314860343933105 0.45328691601753234863 0.44544187188148498535 0.43601331114768981934 0.42546242475509643555 0.41495952010154724121 0.40382581949234008789 0.39327827095985412598 0.38652649521827697754 0.38502833247184753418 0.38953951001167297363 0.39197951555252075195 0.39380872249603271484 0.39663073420524597168 0.40123414993286132813 0.40424594283103942871 0.39643749594688415527 0.3830445408821105957 0.36725181341171264648 0.34638640284538269043 0.3252315819263458252
0.4500529170036315918 0.45677000284194946289 0.45863765478134155273 0.46516808867454528809 0.47377109527587890625 0.48689031600952148438 0.50032037496566772461 0.50672006607055664063 0.50560230016708374023 0.50029790401458740234 0.49117398262023925781 0.48305493593215942383 0.4752349853515625 0.46968698501586914063 0.46551916003227233887 0.4615153968334197998 0.45808264613151550293 0.45472043752670288086 0.45056521892547607422 0.44553965330123901367 0.43809747695922851563 0.42985141277313232422 0.42094352841377258301 0.41187703609466552734 0.40091097354888916016 0.39070913195610046387 0.38447555899620056152 0.38428542017936706543 0.38855135440826416016 0.3915500640869140625 0.39356502890586853027 0.39658644795417785645 0.40151664614677429199 0.40479823946952819824 0.39877796173095703125 0.38745099306106567383 0.37364885210990905762 0.35373675823211669922 0.33023238182067871094
0.45013093948364257813 0.4517885744571685791 0.45925596356391906738 0.46569427847862243652 0.47463551163673400879 0.48738834261894226074 0.49929380416870117188 0.50484335422515869141 0.50281453132629394531 0.4972597658634185791 0.48879995942115783691 0.47981125116348266602 0.47214987874031066895 0.46620818972587585449 0.46130487322807312012 0.45673361420631408691 0.45246362686157226563 0.4477482140064239502 0.44253650307655334473 0.43734309077262878418 0.43103364109992980957 0.42316332459449768066 0.41542989015579223633 0.40898230671882629395 0.39995869994163513184 0.38894662261009216309 0.38277250528335571289 0.38165545463562011719 0.38657259941101074219 0.39031460881233215332 0.39262318611145019531 0.39552506804466247559 0.4003206789493560791 0.40523487329483032227 0.40327236056327819824 0.39507505297660827637 0.38391911983489990234 0.36322459578514099121 0.33257779479026794434
0.45011502504348754883 0.45062205195426940918 0.45773750543594360352 0.46503919363021850586 0.47460183501243591309 0.48477780818939208984 0.49307775497436523438 0.49682068824768066406 0.49486967921257019043 0.48963376879692077637 0.4822660982608795166 0.47385364770889282227 0.46612808108329772949 0.46005874872207641602 0.45487269759178161621 0.44996407628059387207 0.44538891315460205078 0.440898895263671875 0.43571639060974121094 0.43065658211708068848 0.42548593878746032715 0.41860818862915039063 0.41290378570556640625 0.40787085890769958496 0.40049836039543151855 0.39241433143615722656 0.38396313786506652832 0.38151913881301879883 0.38472923636436462402 0.38870057463645935059 0.3913924098014831543 0.39435297250747680664 0.39836004376411437988 0.40437415242195129395 0.40896177291870117188 0.40451481938362121582 0.39072129130363464355 0.36559277772903442383 0.33324363827705383301
0.45003420114517211914 0.45008757710456848145 0.45482322573661804199 0.46279823780059814453 0.47207140922546386719 0.47882625460624694824 0.48293632268905639648 0.48407861590385437012 0.48314553499221801758 0.47986248135566711426 0.47394704818725585938 0.46683129668235778809 0.45983448624610900879 0.45365029573440551758 0.44783559441566467285 0.44311067461967468262 0.43867099285125732422 0.43505012989044189453 0.43051475286483764648 0.42651107907295227051 0.42210677266120910645 0.4179242551326751709 0.41447061300277709961 0.41217812895774841309 0.40622705221176147461 0.39846149086952209473 0.39144104719161987305 0.38744151592254638672 0.38703823089599609375 0.38815835118293762207 0.3906517326831817627 0.39350745081901550293 0.39707198739051818848 0.40276747941970825195 0.41188272833824157715 0.40946611762046813965 0.39196044206619262695 0.36560991406440734863 0.33428272604942321777
0.44984427094459533691 0.44866597652435302734 0.45368748903274536133 0.46004769206047058105 0.46560037136077880859 0.46841487288475036621 0.47045555710792541504 0.47101715207099914551 0.47025930881500244141 0.46948161721229553223 0.46552997827529907227 0.46036267280578613281 0.45447018742561340332 0.44831830263137817383 0.44244557619094848633 0.4373613893985748291 0.43344593048095703125 0.43074694275856018066 0.42752814292907714844 0.42416942119598388672 0.42092090845108032227 0.41896399855613708496 0.41928634047508239746 0.41932144761085510254 0.41502338647842407227 0.40811952948570251465 0.40098875761032104492 0.39462560415267944336 0.39011234045028686523 0.38971123099327087402 0.39102190732955932617 0.39331647753715515137 0.39634242653846740723 0.40099686384201049805 0.40835389494895935059 0.40346527099609375 0.38481494784355163574 0.36257335543632507324 0.33465185761451721191
0.44956681132316589355 0.44521254301071166992 0.45040315389633178711 0.45470607280731201172 0.45542576909065246582 0.45613276958465576172 0.45657819509506225586 0.45783278346061706543 0.45939865708351135254 0.46073076128959655762 0.45874845981597900391 0.45499756932258605957 0.44977656006813049316 0.44407305121421813965 0.43746462464332580566 0.43254241347312927246 0.42927595973014831543 0.42696073651313781738 0.42525976896286010742 0.4224560856819152832 0.42073306441307067871 0.42039811611175537109 0.4237429201602935791 0.42607918381690979004 0.42312198877334594727 0.41801279783248901367 0.40869450569152832031 0.39970040321350097656 0.39398989081382751465 0.39239543676376342773 0.39252617955207824707 0.39390593767166137695 0.3963063359260559082 0.39911565184593200684 0.40063393115997314453 0.39132449030876159668 0.37488445639610290527 0.35428500175476074219 0.33087143301963806152
0.44925281405448913574 0.44018051028251647949 0.44513487815856933594 0.44628429412841796875 0.44647675752639770508 0.44506829977035522461 0.44413742423057556152 0.44609421491622924805 0.45083606243133544922 0.45354005694389343262 0.45276418328285217285 0.45016497373580932617 0.44568175077438354492 0.4397678077220916748 0.43371447920799255371 0.42864552140235900879 0.42489269375801086426 0.42297509312629699707 0.42220526933670043945 0.42045280337333679199 0.41995134949684143066 0.4214667975902557373 0.42610821127891540527 0.42977684736251831055 0.42966914176940917969 0.42289340496063232422 0.41368511319160461426 0.40477174520492553711 0.39832800626754760742 0.39487320184707641602 0.3940563499927520752 0.39474943280220031738 0.39615538716316223145 0.39689615368843078613 0.39203599095344543457 0.38020858168601989746 0.36403536796569824219 0.34528246521949768066 0.32527142763137817383
0.44884848594665527344 0.44655433297157287598 0.4380379021167755127 0.44048443436622619629 0.43959316611289978027 0.43746608495712280273 0.4382527470588684082 0.44176807999610900879 0.44474455714225769043 0.44711902737617492676 0.4477005302906036377 0.44511175155639648438 0.44083753228187561035 0.43560478091239929199 0.42950281500816345215 0.42443597316741943359 0.42060682177543640137 0.41874352097511291504 0.41816359758377075195 0.4174645841121673584 0.41761821508407592773 0.42041492462158203125 0.42567369341850280762 0.429698944091796875 0.43051373958587646484 0.42562386393547058105 0.41756892204284667969 0.40863767266273498535 0.40121927857398986816 0.39635172486305236816 0.39499509334564208984 0.39520668983459472656 0.39515435695648193359 0.39310920238494873047 0.38295885920524597168 0.37273654341697692871 0.35793724656105041504 0.34089314937591552734 0.32438546419143676758
0.4483546912670135498 0.44680008292198181152 0.43562433123588562012 0.43368631601333618164 0.43462583422660827637 0.4351717829704284668 0.43720731139183044434 0.43980488181114196777 0.44133493304252624512 0.44190093874931335449 0.44207671284675598145 0.4399165809154510498 0.43532711267471313477 0.43046492338180541992 0.42499452829360961914 0.41916835308074951172 0.41470471024513244629 0.41370397806167602539 0.41293230652809143066 0.41314184665679931641 0.41390576958656311035 0.41670650243759155273 0.42072463035583496094 0.42552289366722106934 0.42683932185173034668 0.42447391152381896973 0.4178880155086517334 0.4088103175163269043 0.40099278092384338379 0.396198272705078125 0.39506813883781433105 0.39457014203071594238 0.39266362786293029785 0.38600143790245056152 0.37509265542030334473 0.36735552549362182617 0.35562565922737121582 0.34190297126770019531 0.32987180352210998535
0.44776570796966552734 0.44669175148010253906 0.43731003999710083008 0.42701178789138793945 0.42964586615562438965 0.4333388209342956543 0.43617191910743713379 0.43770307302474975586 0.4376500546932220459 0.4375127255916595459 0.43612134456634521484 0.4332866668701171875 0.43006789684295654297 0.42553785443305969238 0.41968604922294616699 0.41328218579292297363 0.40931737422943115234 0.40765345096588134766 0.40663895010948181152 0.40784147381782531738 0.4092521369457244873 0.41070672869682312012 0.41275855898857116699 0.41631707549095153809 0.42040878534317016602 0.41792970895767211914 0.41224938631057739258 0.40445953607559204102 0.39771291613578796387 0.39522656798362731934 0.39409098029136657715 0.39228487014770507813 0.38651442527770996094 0.37419939041137695313 0.36688342690467834473 0.36302939057350158691 0.35454308986663818359 0.34537160396575927734 0.34573701024055480957
0.44704401493072509766 0.4458516240119934082 0.43749946355819702148 0.42178571224212646484 0.42518579959869384766 0.43069195747375488281 0.4333527982234954834 0.43404951691627502441 0.43354463577270507813 0.43162232637405395508 0.42919835448265075684 0.42653009295463562012 0.42408636212348937988 0.421112060546875 0.41608428955078125 0.41030460596084594727 0.4057496190071105957 0.40250155329704284668 0.40167203545570373535 0.4023723602294921875 0.40336090326309204102 0.40241935849189758301 0.40425240993499755859 0.40795147418975830078 0.41182526946067810059 0.41025203466415405273 0.4044736027717590332 0.39829385280609130859 0.39515569806098937988 0.39375185966491699219 0.39185419678688049316 0.38638934493064880371 0.37476450204849243164 0.36310601234436035156 0.3573741614818572998 0.35340380668640136719 0.34953650832176208496 0.34790018200874328613 0.34958189725875854492
0.44623491168022155762 0.44464579224586486816 0.43464577198028564453 0.4189071357250213623 0.42138710618019104004 0.4254893958568572998 0.42733797430992126465 0.42737111449241638184 0.42636755108833312988 0.42422133684158325195 0.42095264792442321777 0.41901960968971252441 0.41835522651672363281 0.41760927438735961914 0.41498506069183349609 0.41018709540367126465 0.40491753816604614258 0.40111678838729858398 0.39917454123497009277 0.39822101593017578125 0.39621376991271972656 0.39587047696113586426 0.39651378989219665527 0.40107038617134094238 0.40285584330558776855 0.40152436494827270508 0.39748567342758178711 0.39470773935317993164 0.39315438270568847656 0.39136874675750732422 0.38724458217620849609 0.37595945596694946289 0.36106824874877929688 0.3507486879825592041 0.34336188435554504395 0.33641421794891357422 0.33759325742721557617 0.34418505430221557617 0.34991130232810974121
