data/cslope.asc
ncols        117
nrows        117
xllcorner    794599.107614634559
yllcorner    8931774.874602528289
cellsize     30.850000000000
NODATA_value  -99999
[rows 0 to 16 of 117, columns 0 to 38 of 117]
0.18895141780376434326 0.10142143070697784424 0.01956332474946975708 0.10828407853841781616 0.15943719446659088135 0.21108172833919525146 0.2562694251537322998 0.29464444518089294434 0.32624286413192749023 0.35140857100486755371 0.37016138434410095215 0.38503354787826538086 0.39881163835525512695 0.41177421808242797852 0.42294535040855407715 0.43349087238311767578 0.44342324137687683105 0.45367839932441711426 0.46435570716857910156 0.47314950823783874512 0.48002666234970092773 0.48512157797813415527 0.48912540078163146973 0.49152451753616333008 0.48974770307540893555 0.48233133554458618164 0.46951311826705932617 0.45627823472023010254 0.44509094953536987305 0.40915322303771972656 0.41587802767753601074 0.42158052325248718262 0.42525839805603027344 0.42784553766250610352 0.42934489250183105469 0.42732453346252441406 0.41947352886199951172 0.4027054905891418457 0.37947610020637512207
0.18908573687076568604 0.12313054502010345459 0.080691657960414886475 0.082374326884746551514 0.15497802197933197021 0.22498366236686706543 0.29091310501098632813 0.34404379129409790039 0.37909224629402160645 0.40762490034103393555 0.43235391378402709961 0.45188462734222412109 0.43774962425231933594 0.43709316849708557129 0.44279298186302185059 0.44983658194541931152 0.45772057771682739258 0.46578475832939147949 0.47555786371231079102 0.48480531573295593262 0.49181956052780151367 0.49705642461776733398 0.49871885776519775391 0.49543276429176330566 0.48058152198791503906 0.44252735376358032227 0.40089076757431030273 0.37992405891418457031 0.37722000479698181152 0.3873697817325592041 0.40398761630058288574 0.41642838716506958008 0.42262253165245056152 0.42594701051712036133 0.43208715319633483887 0.43959480524063110352 0.43768674135208129883 0.42099082469940185547 0.39633479714393615723
0.21347688138484954834 0.20431905984878540039 0.16220943629741668701 0.063729688525199890137 0.10309082269668579102 0.16565601527690887451 0.23196166753768920898 0.2857342064380645752 0.32795771956443786621 0.36802953481674194336 0.40231052041053771973 0.42779490351676940918 0.44861826300621032715 0.46335968375205993652 0.47512096166610717773 0.48363292217254638672 0.48990905284881591797 0.49510863423347473145 0.50104469060897827148 0.50877803564071655273 0.51435452699661254883 0.51743149757385253906 0.51282787322998046875 0.49420207738876342773 0.45593473315238952637 0.41230496764183044434 0.38465484976768493652 0.37284824252128601074 0.37219840288162231445 0.38250076770782470703 0.40340468287467956543 0.41918367147445678711 0.42403745651245117188 0.42505237460136413574 0.42759674787521362305 0.43249186873435974121 0.42737022042274475098 0.41074126958847045898 0.38910156488418579102
0.24639365077018737793 0.27213016152381896973 0.21977250277996063232 0.15924793481826782227 0.048584103584289550781 0.10600644350051879883 0.16677664220333099365 0.2266597747802734375 0.28193643689155578613 0.33327299356460571289 0.37415334582328796387 0.4073658287525177002 0.43369537591934204102 0.45801332592964172363 0.4790726006031036377 0.49305617809295654297 0.50305581092834472656 0.51270341873168945313 0.5203399658203125 0.52757108211517333984 0.53235459327697753906 0.52836006879806518555 0.51246297359466552734 0.48300957679748535156 0.44128406047821044922 0.39958649873733520508 0.37546443939208984375 0.36641934514045715332 0.36738595366477966309 0.37852269411087036133 0.40315952897071838379 0.42360535264015197754 0.425693511962890625 0.42381492257118225098 0.42288011312484741211 0.42209219932556152344 0.41274696588516235352 0.39260777831077575684 0.37451606988906860352
0.27761861681938171387 0.31925386190414428711 0.2689037024974822998 0.20258142054080963135 0.12545527517795562744 0.022916790097951889038 0.11420975625514984131 0.17834275960922241211 0.24951067566871643066 0.30083882808685302734 0.34901580214500427246 0.389446258544921875 0.42557847499847412109 0.45509940385818481445 0.4757226109504699707 0.49013799428939819336 0.50301641225814819336 0.51439654827117919922 0.52520275115966796875 0.53304255008697509766 0.53311771154403686523 0.5217221379280090332 0.5017560124397277832 0.47109296917915344238 0.42907834053039550781 0.38856908679008483887 0.36684525012969970703 0.36007514595985412598 0.3635629117488861084 0.37752515077590942383 0.40826898813247680664 0.42944562435150146484 0.42832764983177185059 0.42346441745758056641 0.41933181881904602051 0.41126590967178344727 0.39449745416641235352 0.37371245026588439941 0.35560816526412963867
0.30574783682823181152 0.35766953229904174805 0.31656369566917419434 0.25390252470970153809 0.17662018537521362305 0.072355411946773529053 0.083790488541126251221 0.1552584916353225708 0.2106882631778717041 0.2764434814453125 0.32939040660858154297 0.37740394473075866699 0.41926273703575134277 0.44745674729347229004 0.46539339423179626465 0.48126739263534545898 0.49490159749984741211 0.50858145952224731445 0.52073466777801513672 0.52568787336349487305 0.52053683996200561523 0.50637263059616088867 0.4850375056266784668 0.45465394854545593262 0.41455104947090148926 0.37671419978141784668 0.35853826999664306641 0.35478582978248596191 0.36139664053916931152 0.38145682215690612793 0.42077842354774475098 0.43690061569213867188 0.43194946646690368652 0.42535799741744995117 0.41841718554496765137 0.40693441033363342285 0.38840311765670776367 0.36433273553848266602 0.35226923227310180664
0.33035114407539367676 0.39024475216865539551 0.36048629879951477051 0.31644648313522338867 0.25040146708488464355 0.17265152931213378906 0.058794744312763214111 0.11430869996547698975 0.1872946619987487793 0.24828235805034637451 0.30388268828392028809 0.35887026786804199219 0.40241321921348571777 0.42815420031547546387 0.44692644476890563965 0.46428149938583374023 0.48111942410469055176 0.49620470404624938965 0.50682049989700317383 0.50841897726058959961 0.50138503313064575195 0.48663279414176940918 0.46466153860092163086 0.43562325835227966309 0.39623466134071350098 0.36295947432518005371 0.35036984086036682129 0.35101729631423950195 0.36258473992347717285 0.39452394843101501465 0.43732202053070068359 0.44608768820762634277 0.43711373209953308105 0.42858240008354187012 0.4201075136661529541 0.40941059589385986328 0.3921298980712890625 0.36981791257858276367 0.36293503642082214355
0.35075405240058898926 0.4203764498233795166 0.4042733311653137207 0.3758526146411895752 0.33053535223007202148 0.2444709092378616333 0.16463947296142578125 0.12768755853176116943 0.16536022722721099854 0.20995211601257324219 0.26481017470359802246 0.32370734214782714844 0.36719030141830444336 0.39362663030624389648 0.41456207633018493652 0.44082444906234741211 0.46417120099067687988 0.4811585545539855957 0.48839220404624938965 0.48595914244651794434 0.47646552324295043945 0.4644915163516998291 0.44339707493782043457 0.41601806879043579102 0.37702891230583190918 0.34926387667655944824 0.343372344970703125 0.3490651547908782959 0.36881914734840393066 0.41515019536018371582 0.45070996880531311035 0.45265156030654907227 0.44272080063819885254 0.43077868223190307617 0.42160356044769287109 0.41112437844276428223 0.39666280150413513184 0.37865081429481506348 0.3679606020450592041
0.36572974920272827148 0.44254171848297119141 0.43914172053337097168 0.4216696619987487793 0.38389006257057189941 0.31967660784721374512 0.25035971403121948242 0.20304602384567260742 0.18674899637699127197 0.19568109512329101563 0.22594566643238067627 0.27618464827537536621 0.31585562229156494141 0.34463369846343994141 0.37815341353416442871 0.4154306948184967041 0.44542345404624938965 0.46506667137145996094 0.47262525558471679688 0.46393579244613647461 0.4505971074104309082 0.43825042247772216797 0.42392182350158691406 0.39753872156143188477 0.35789227485656738281 0.33840206265449523926 0.33890718221664428711 0.34997892379760742188 0.3820559084415435791 0.42412513494491577148 0.44784519076347351074 0.45188999176025390625 0.44292551279067993164 0.42964082956314086914 0.41903775930404663086 0.40819892287254333496 0.39703834056854248047 0.37966263294219970703 0.36870515346527099609
0.37872421741485595703 0.46179369091987609863 0.46225595474243164063 0.4517498314380645752 0.42269363999366760254 0.3779297173023223877 0.3150367438793182373 0.26666569709777832031 0.23502932488918304443 0.22043164074420928955 0.21753577888011932373 0.23670822381973266602 0.26029819250106811523 0.29228812456130981445 0.34470078349113464355 0.39026314020156860352 0.4274902641773223877 0.44924935698509216309 0.45630991458892822266 0.44633287191390991211 0.42914599180221557617 0.4143428504467010498 0.40115270018577575684 0.38051304221153259277 0.34114658832550048828 0.33141633868217468262 0.33788722753524780273 0.35672622919082641602 0.38723391294479370117 0.41100531816482543945 0.42661371827125549316 0.43640121817588806152 0.43238815665245056152 0.42301464080810546875 0.41135451197624206543 0.39991840720176696777 0.38859474658966064453 0.37384048104286193848 0.36526346206665039063
0.39059597253799438477 0.47927066683769226074 0.47619158029556274414 0.46975469589233398438 0.45021155476570129395 0.41337063908576965332 0.36319622397422790527 0.3138808906078338623 0.28162851929664611816 0.2467807382345199585 0.22841739654541015625 0.22067604959011077881 0.2134942859411239624 0.25362604856491088867 0.31445255875587463379 0.36703062057495117188 0.41007670760154724121 0.43466204404830932617 0.43730628490447998047 0.42866799235343933105 0.41219779849052429199 0.39617553353309631348 0.38001066446304321289 0.36027902364730834961 0.32678717374801635742 0.32756012678146362305 0.34343558549880981445 0.36304169893264770508 0.37679576873779296875 0.38667365908622741699 0.39578685164451599121 0.40694525837898254395 0.4131768643856048584 0.40955588221549987793 0.40088021755218505859 0.38959380984306335449 0.37637400627136230469 0.36207675933837890625 0.36080458760261535645
0.40116095542907714844 0.48661863803863525391 0.48109352588653564453 0.47251686453819274902 0.4559338688850402832 0.42907470464706420898 0.39136147499084472656 0.34699237346649169922 0.30790939927101135254 0.27986899018287658691 0.25605973601341247559 0.22591237723827362061 0.21776181459426879883 0.24212466180324554443 0.29331493377685546875 0.35259431600570678711 0.39331862330436706543 0.41319984197616577148 0.41454115509986877441 0.40456831455230712891 0.39086264371871948242 0.3756434023380279541 0.3589992225170135498 0.33580631017684936523 0.31185507774353027344 0.32689380645751953125 0.35392895340919494629 0.3675689995288848877 0.36325675249099731445 0.36326128244400024414 0.37059393525123596191 0.3803564906120300293 0.39065700769424438477 0.3941338956356048584 0.39044645428657531738 0.38244837522506713867 0.3707745671272277832 0.35832601785659790039 0.36081278324127197266
0.41026699542999267578 0.48449492454528808594 0.4774761199951171875 0.46553269028663635254 0.45091432332992553711 0.43009066581726074219 0.40346515178680419922 0.36966976523399353027 0.33430856466293334961 0.30625832080841064453 0.28265160322189331055 0.25955396890640258789 0.252368927001953125 0.26498192548751831055 0.29808443784713745117 0.34376946091651916504 0.37687614560127258301 0.38832131028175354004 0.38687285780906677246 0.37374120950698852539 0.35907706618309020996 0.3463503420352935791 0.33011510968208312988 0.30508223176002502441 0.29466941952705383301 0.32509720325469970703 0.36074221134185791016 0.37462460994720458984 0.37359592318534851074 0.36491250991821289063 0.36268433928489685059 0.36925667524337768555 0.37703824043273925781 0.38381785154342651367 0.38361176848411560059 0.38227522373199462891 0.37446713447570800781 0.36942315101623535156 0.37318870425224304199
0.41834101080894470215 0.48145219683647155762 0.47276645898818969727 0.46121457219123840332 0.44714224338531494141 0.43374955654144287109 0.41386690735816955566 0.38950937986373901367 0.36233469843864440918 0.33612141013145446777 0.31271407008171081543 0.30564638972282409668 0.30006271600723266602 0.3111985325813293457 0.32717889547348022461 0.35007843375205993652 0.36120486259460449219 0.36254596710205078125 0.35051640868186950684 0.33385217189788818359 0.31913423538208007813 0.30512651801109313965 0.28579956293106079102 0.27119839191436767578 0.28399080038070678711 0.32093274593353271484 0.36538678407669067383 0.38506716489791870117 0.3892472386360168457 0.38575157523155212402 0.37937408685684204102 0.3772760927677154541 0.38044393062591552734 0.38222017884254455566 0.38694924116134643555 0.3871110081672668457 0.38528022170066833496 0.38519534468650817871 0.39476108551025390625
0.42355251312255859375 0.47628575563430786133 0.47115603089332580566 0.463733673095703125 0.45403727889060974121 0.44187301397323608398 0.426540374755859375 0.40694651007652282715 0.38888138532638549805 0.36607792973518371582 0.35154336690902709961 0.348484039306640625 0.35629832744598388672 0.35935994982719421387 0.3666413426399230957 0.36984175443649291992 0.35982665419578552246 0.33544236421585083008 0.3023020625114440918 0.28429627418518066406 0.26813223958015441895 0.25089186429977416992 0.23438113927841186523 0.2436062246561050415 0.28047665953636169434 0.32368007302284240723 0.3687267303466796875 0.39430558681488037109 0.40309861302375793457 0.40460783243179321289 0.40123498439788818359 0.39487421512603759766 0.39065334200859069824 0.38936811685562133789 0.39332726597785949707 0.39525383710861206055 0.39859667420387268066 0.40361571311950683594 0.41295069456100463867
0.42706051468849182129 0.47130826115608215332 0.47215959429740905762 0.46838277578353881836 0.46219590306282043457 0.45050600171089172363 0.43852859735488891602 0.42297407984733581543 0.40625011920928955078 0.39332333207130432129 0.38772332668304443359 0.38646131753921508789 0.39477834105491638184 0.39937600493431091309 0.40490353107452392578 0.39396023750305175781 0.36837422847747802734 0.32564422488212585449 0.27471238374710083008 0.22438861429691314697 0.20864480733871459961 0.18273673951625823975 0.18408285081386566162 0.22456927597522735596 0.27743694186210632324 0.32889866828918457031 0.37410369515419006348 0.40082892775535583496 0.4127896726131439209 0.41788232326507568359 0.41426059603691101074 0.40351328253746032715 0.39441695809364318848 0.39232614636421203613 0.39302411675453186035 0.40085500478744506836 0.40585127472877502441 0.41284102201461791992 0.42484316229820251465
0.42837941646575927734 0.44381082057952880859 0.47155427932739257813 0.47182965278625488281 0.46515408158302307129 0.45688357949256896973 0.44537398219108581543 0.4326775670051574707 0.42101693153381347656 0.41352897882461547852 0.40993642807006835938 0.41268035769462585449 0.41759705543518066406 0.42540991306304931641 0.42537254095077514648 0.40814676880836486816 0.37524750828742980957 0.3304671943187713623 0.27692306041717529297 0.20732434093952178955 0.12865747511386871338 0.10761149972677230835 0.14751197397708892822 0.21369689702987670898 0.27826827764511108398 0.33412465453147888184 0.37623435258865356445 0.40284243226051330566 0.41777563095092773438 0.42025125026702880859 0.41242432594299316406 0.40009093284606933594 0.3858693242073059082 0.38060840964317321777 0.38261270523071289063 0.39207351207733154297 0.40112647414207458496 0.40909603238105773926 0.42400896549224853516
