data/dem1.asc
NCOLS 117 
NROWS 117 
XLLCORNER 794599.107614635 
YLLCORNER 8931774.87460253 
CELLSIZE 30.8499999999996 
NODATA_value -9999 
[rows 72 to 89 of 117, columns 41 to 81 of 117]
-0.00239934918093372 -0.00251013244890324 -0.00251013244890324 -0.0024732046929134 -0.00236242142494387 -0.00210392713301498 -0.00180850508509624 -0.00155001079316734 -0.00140229976920798 -0.0015130830371775 -0.00180850508509624 -0.00217778264499466 -0.00258398796088293 -0.00313790430073056 -0.00369182064057819 -0.00424573698042583 -0.00487350883225315 -0.00550128068408047 -0.0060551970239281 -0.00649833009580621 -0.0067568243877351 -0.00690453541169447 -0.00694146316768431 -0.00694146316768431 -0.00694146316768431 -0.00683067989971479 -0.00668296887575542 -0.00642447458382652 -0.00612905253590778 -0.00587055824397889 -0.00568591946402968 -0.00561206395204999 -0.00557513619606015 -0.00564899170803983 -0.00583363048798905 -0.00609212477991794 -0.00646140233981636 -0.00683067989971479 -0.00723688521560305 -0.00760616277550147 -0.00790158482342021
-0.00254706020489309 -0.00265784347286261 -0.0027316989848423 -0.00276862674083214 -0.00269477122885246 -0.00251013244890324 -0.00225163815697435 -0.00199314386504545 -0.00180850508509624 -0.00184543284108608 -0.00206699937702514 -0.00236242142494387 -0.00269477122885246 -0.00313790430073056 -0.00365489288458835 -0.00417188146844614 -0.00479965332027346 -0.00550128068408047 -0.00616598029189763 -0.00664604111976558 -0.00694146316768431 -0.00708917419164368 -0.00712610194763352 -0.00716302970362337 -0.00719995745961321 -0.00719995745961321 -0.00708917419164368 -0.00690453541169447 -0.00668296887575542 -0.00646140233981636 -0.00631369131585699 -0.00620290804788747 -0.00612905253590778 -0.00616598029189763 -0.00627676355986715 -0.00646140233981636 -0.00671989663174526 -0.00697839092367416 -0.00731074072758273 -0.00768001828748116 -0.00797544033539989
-0.00262091571687277 -0.00276862674083214 -0.00287941000880167 -0.00299019327677119 -0.00302712103276104 -0.00291633776479151 -0.00265784347286261 -0.0024732046929134 -0.00228856591296419 -0.00225163815697435 -0.00239934918093372 -0.00265784347286261 -0.00299019327677119 -0.00332254308067977 -0.00372874839656804 -0.00420880922443599 -0.00483658107626331 -0.00553820844007031 -0.00623983580387731 -0.0067568243877351 -0.00708917419164368 -0.00727381297159289 -0.00734766848357258 -0.00742152399555226 -0.00749537950753195 -0.00749537950753195 -0.00742152399555226 -0.00727381297159289 -0.00716302970362337 -0.00705224643565384 -0.00694146316768431 -0.00683067989971479 -0.00679375214372494 -0.00679375214372494 -0.00686760765570463 -0.00694146316768431 -0.00708917419164368 -0.00723688521560305 -0.00749537950753195 -0.00779080155545068 -0.00804929584737958
-0.00269477122885246 -0.00284248225281182 -0.00302712103276104 -0.00321175981271025 -0.00335947083666961 -0.00328561532468993 -0.00313790430073056 -0.00295326552078135 -0.00284248225281182 -0.00276862674083214 -0.00284248225281182 -0.00302712103276104 -0.00324868756870009 -0.00350718186062898 -0.00380260390854772 -0.00428266473641567 -0.00491043658824299 -0.00557513619606015 -0.00620290804788747 -0.0067568243877351 -0.00716302970362337 -0.00738459623956242 -0.00753230726352179 -0.00760616277550147 -0.00768001828748116 -0.007716946043471 -0.00768001828748116 -0.00760616277550147 -0.00753230726352179 -0.00749537950753195 -0.00749537950753195 -0.00745845175154211 -0.00742152399555226 -0.00745845175154211 -0.00745845175154211 -0.00749537950753195 -0.00749537950753195 -0.00756923501951163 -0.007716946043471 -0.00790158482342021 -0.00804929584737958
-0.00276862674083214 -0.00291633776479151 -0.00313790430073056 -0.0034333263486493 -0.00361796512859851 -0.00361796512859851 -0.00354410961661883 -0.0034333263486493 -0.00332254308067977 -0.00324868756870009 -0.00328561532468993 -0.00335947083666961 -0.00347025410463914 -0.00365489288458835 -0.00391338717651725 -0.00435652024839536 -0.00491043658824299 -0.00553820844007031 -0.00616598029189763 -0.00671989663174526 -0.00716302970362337 -0.00749537950753195 -0.00768001828748116 -0.00779080155545068 -0.00786465706743037 -0.00786465706743037 -0.00782772931144053 -0.00782772931144053 -0.00782772931144053 -0.00786465706743037 -0.00793851257941005 -0.00801236809138974 -0.00801236809138974 -0.00801236809138974 -0.00801236809138974 -0.00797544033539989 -0.00797544033539989 -0.00801236809138974 -0.00804929584737958 -0.00816007911534911 -0.00823393462732879
-0.00280555449682198 -0.00299019327677119 -0.00324868756870009 -0.00350718186062898 -0.00372874839656804 -0.00383953166453756 -0.00387645942052741 -0.00383953166453756 -0.00376567615255788 -0.00365489288458835 -0.00361796512859851 -0.00358103737260867 -0.00361796512859851 -0.00376567615255788 -0.00402417044448678 -0.00443037576037504 -0.00494736434423283 -0.00553820844007031 -0.00616598029189763 -0.0067568243877351 -0.00719995745961321 -0.00760616277550147 -0.00786465706743037 -0.00797544033539989 -0.00801236809138974 -0.00804929584737958 -0.00804929584737958 -0.00808622360336942 -0.00816007911534911 -0.00823393462732879 -0.00834471789529832 -0.00845550116326784 -0.00852935667524753 -0.00849242891925769 -0.00845550116326784 -0.00845550116326784 -0.00845550116326784 -0.00845550116326784 -0.00845550116326784 -0.00852935667524753 -0.00860321218722721
-0.00284248225281182 -0.00299019327677119 -0.00324868756870009 -0.00354410961661883 -0.00380260390854772 -0.00398724268849693 -0.0041349537124563 -0.00417188146844614 -0.0041349537124563 -0.00402417044448678 -0.00391338717651725 -0.00383953166453756 -0.00380260390854772 -0.00391338717651725 -0.00417188146844614 -0.00454115902834457 -0.00498429210022268 -0.00557513619606015 -0.00620290804788747 -0.00683067989971479 -0.00734766848357258 -0.00775387379946084 -0.00801236809138974 -0.00812315135935926 -0.00819700687133895 -0.00823393462732879 -0.00827086238331863 -0.00834471789529832 -0.00849242891925769 -0.00856628443123737 -0.0086770676992069 -0.00878785096717643 -0.00886170647915611 -0.00886170647915611 -0.00882477872316627 -0.00886170647915611 -0.00886170647915611 -0.00882477872316627 -0.00886170647915611 -0.00889863423514595 -0.00897248974712564
-0.00284248225281182 -0.00295326552078135 -0.00321175981271025 -0.00354410961661883 -0.00383953166453756 -0.0041349537124563 -0.0043934480043852 -0.00446730351636488 -0.00446730351636488 -0.00435652024839536 -0.00424573698042583 -0.0041349537124563 -0.00402417044448678 -0.00409802595646646 -0.00431959249240551 -0.00465194229631409 -0.00505814761220236 -0.00561206395204999 -0.00623983580387731 -0.00690453541169447 -0.00745845175154211 -0.00793851257941005 -0.00819700687133895 -0.00830779013930848 -0.00838164565128816 -0.00845550116326784 -0.00852935667524753 -0.00860321218722721 -0.00871399545519674 -0.00878785096717643 -0.00889863423514595 -0.00900941750311548 -0.009120200771085 -0.009120200771085 -0.00908327301509516 -0.009120200771085 -0.009120200771085 -0.00915712852707485 -0.00919405628306469 -0.00923098403905453 -0.00923098403905453
-0.00287941000880167 -0.00302712103276104 -0.00324868756870009 -0.00358103737260867 -0.00395031493250709 -0.00428266473641567 -0.00457808678433441 -0.00472579780829378 -0.00476272556428362 -0.00468887005230394 -0.00454115902834457 -0.0043934480043852 -0.00431959249240551 -0.00431959249240551 -0.00450423127235472 -0.00476272556428362 -0.00513200312418204 -0.00564899170803983 -0.00631369131585699 -0.00697839092367416 -0.00756923501951163 -0.00808622360336942 -0.00834471789529832 -0.00845550116326784 -0.00856628443123737 -0.0086770676992069 -0.00878785096717643 -0.00886170647915611 -0.00897248974712564 -0.00904634525910532 -0.009120200771085 -0.00923098403905453 -0.00930483955103422 -0.00930483955103422 -0.00930483955103422 -0.00930483955103422 -0.00934176730702406 -0.0093786950630139 -0.00941562281900374 -0.00945255057499358 -0.00948947833098343
-0.00302712103276104 -0.00321175981271025 -0.0034333263486493 -0.00369182064057819 -0.00402417044448678 -0.0043934480043852 -0.00468887005230394 -0.00491043658824299 -0.00502121985621252 -0.00498429210022268 -0.00483658107626331 -0.00468887005230394 -0.00454115902834457 -0.00454115902834457 -0.00465194229631409 -0.00491043658824299 -0.00524278639215157 -0.00575977497600936 -0.00638754682783668 -0.00705224643565384 -0.00768001828748116 -0.00819700687133895 -0.00845550116326784 -0.00856628443123737 -0.0086770676992069 -0.00882477872316627 -0.00900941750311548 -0.00915712852707485 -0.00926791179504437 -0.00930483955103422 -0.00934176730702406 -0.00941562281900374 -0.00945255057499358 -0.00948947833098343 -0.00948947833098343 -0.00948947833098343 -0.00948947833098343 -0.00952640608697327 -0.00956333384296311 -0.00967411711093264 -0.00974797262291232
-0.00328561532468993 -0.00347025410463914 -0.00361796512859851 -0.00383953166453756 -0.0041349537124563 -0.00446730351636488 -0.00483658107626331 -0.00513200312418204 -0.00527971414814141 -0.00524278639215157 -0.0050950753681922 -0.00494736434423283 -0.00479965332027346 -0.00468887005230394 -0.00476272556428362 -0.00498429210022268 -0.00531664190413126 -0.0057967027319992 -0.00646140233981636 -0.00712610194763352 -0.00775387379946084 -0.00827086238331863 -0.00856628443123737 -0.0086770676992069 -0.00878785096717643 -0.00893556199113579 -0.00915712852707485 -0.0093786950630139 -0.00948947833098343 -0.00948947833098343 -0.00952640608697327 -0.00956333384296311 -0.00960026159895295 -0.00963718935494279 -0.00967411711093264 -0.00967411711093264 -0.00963718935494279 -0.00967411711093264 -0.00978490037890217 -0.00989568364687169 -0.00996953915885137
-0.00361796512859851 -0.00372874839656804 -0.00387645942052741 -0.00406109820047662 -0.00428266473641567 -0.00461501454032425 -0.00498429210022268 -0.00531664190413126 -0.00546435292809062 -0.00546435292809062 -0.00531664190413126 -0.00516893088017189 -0.00498429210022268 -0.00483658107626331 -0.00487350883225315 -0.00502121985621252 -0.0053535696601211 -0.00583363048798905 -0.00646140233981636 -0.00712610194763352 -0.00775387379946084 -0.00827086238331863 -0.00860321218722721 -0.00875092321118658 -0.00889863423514595 -0.00900941750311548 -0.00923098403905453 -0.00945255057499358 -0.00960026159895295 -0.00963718935494279 -0.00971104486692248 -0.00978490037890217 -0.00982182813489201 -0.00982182813489201 -0.00985875589088185 -0.00985875589088185 -0.00989568364687169 -0.00996953915885137 -0.0100433946708311 -0.0101541779388006 -0.0101911056947904
-0.00398724268849693 -0.00406109820047662 -0.00420880922443599 -0.00431959249240551 -0.00454115902834457 -0.00483658107626331 -0.00516893088017189 -0.00546435292809062 -0.00564899170803983 -0.00564899170803983 -0.00550128068408047 -0.00531664190413126 -0.0050950753681922 -0.00498429210022268 -0.00494736434423283 -0.0050950753681922 -0.00539049741611094 -0.00583363048798905 -0.00638754682783668 -0.007015318679664 -0.00764309053149132 -0.00819700687133895 -0.00856628443123737 -0.00878785096717643 -0.00897248974712564 -0.00915712852707485 -0.00934176730702406 -0.00952640608697327 -0.00967411711093264 -0.00978490037890217 -0.00993261140286153 -0.0100064669148412 -0.0100064669148412 -0.0100064669148412 -0.0100064669148412 -0.0100803224268209 -0.0101172501828107 -0.0101911056947904 -0.0102649612067701 -0.01030188896276 -0.0103757444747396
-0.0043934480043852 -0.00443037576037504 -0.00454115902834457 -0.00465194229631409 -0.00479965332027346 -0.0050950753681922 -0.00539049741611094 -0.00568591946402968 -0.00587055824397889 -0.00587055824397889 -0.00568591946402968 -0.00542742517210078 -0.00524278639215157 -0.00513200312418204 -0.0050950753681922 -0.00516893088017189 -0.00539049741611094 -0.00572284722001952 -0.00623983580387731 -0.00686760765570463 -0.00749537950753195 -0.00804929584737958 -0.00849242891925769 -0.00878785096717643 -0.00904634525910532 -0.00926791179504437 -0.00945255057499358 -0.00963718935494279 -0.00978490037890217 -0.00993261140286153 -0.0100803224268209 -0.0101541779388006 -0.0101541779388006 -0.0101172501828107 -0.0101541779388006 -0.0102280334507803 -0.01030188896276 -0.0103388167187498 -0.0103757444747396 -0.0104126722307295 -0.0104865277427092
-0.00479965332027346 -0.00479965332027346 -0.00487350883225315 -0.00498429210022268 -0.0050950753681922 -0.0053535696601211 -0.00564899170803983 -0.00590748599996873 -0.0060551970239281 -0.0060551970239281 -0.00583363048798905 -0.00553820844007031 -0.0053535696601211 -0.00524278639215157 -0.00520585863616173 -0.00527971414814141 -0.00539049741611094 -0.00564899170803983 -0.00612905253590778 -0.00668296887575542 -0.00727381297159289 -0.00786465706743037 -0.00838164565128816 -0.00878785096717643 -0.009120200771085 -0.00941562281900374 -0.00960026159895295 -0.00978490037890217 -0.00993261140286153 -0.0101172501828107 -0.0102280334507803 -0.0102649612067701 -0.0102280334507803 -0.0102280334507803 -0.0102649612067701 -0.0103388167187498 -0.0103757444747396 -0.0104126722307295 -0.0104495999867193 -0.0104495999867193 -0.010523455498699
-0.00524278639215157 -0.00516893088017189 -0.00524278639215157 -0.00531664190413126 -0.00542742517210078 -0.00561206395204999 -0.00587055824397889 -0.00612905253590778 -0.00623983580387731 -0.00620290804788747 -0.00601826926793826 -0.00575977497600936 -0.00557513619606015 -0.00546435292809062 -0.00539049741611094 -0.00542742517210078 -0.00557513619606015 -0.0057967027319992 -0.00612905253590778 -0.00657218560778589 -0.00708917419164368 -0.007716946043471 -0.00834471789529832 -0.00878785096717643 -0.00919405628306469 -0.00948947833098343 -0.00974797262291232 -0.00993261140286153 -0.0100803224268209 -0.0102280334507803 -0.01030188896276 -0.0102649612067701 -0.0102649612067701 -0.01030188896276 -0.01030188896276 -0.0102649612067701 -0.0102649612067701 -0.01030188896276 -0.0103388167187498 -0.0103757444747396 -0.0104495999867193
-0.00572284722001952 -0.00561206395204999 -0.00557513619606015 -0.00561206395204999 -0.00572284722001952 -0.00583363048798905 -0.0060551970239281 -0.00631369131585699 -0.00649833009580621 -0.00646140233981636 -0.00631369131585699 -0.00612905253590778 -0.00598134151194841 -0.00583363048798905 -0.00575977497600936 -0.0057967027319992 -0.00594441375595857 -0.00609212477991794 -0.00631369131585699 -0.00664604111976558 -0.00708917419164368 -0.007716946043471 -0.00834471789529832 -0.00889863423514595 -0.00930483955103422 -0.00963718935494279 -0.00985875589088185 -0.0100433946708311 -0.0101541779388006 -0.0102649612067701 -0.0102649612067701 -0.0102280334507803 -0.0101911056947904 -0.0102280334507803 -0.0102280334507803 -0.0101541779388006 -0.0101172501828107 -0.0100803224268209 -0.0101172501828107 -0.0101911056947904 -0.0102649612067701
-0.00620290804788747 -0.00609212477991794 -0.00598134151194841 -0.00590748599996873 -0.00598134151194841 -0.00609212477991794 -0.00627676355986715 -0.00653525785179605 -0.0067568243877351 -0.00679375214372494 -0.0067568243877351 -0.00664604111976558 -0.00653525785179605 -0.00638754682783668 -0.00631369131585699 -0.00635061907184684 -0.00646140233981636 -0.00653525785179605 -0.00660911336377573 -0.00686760765570463 -0.00727381297159289 -0.00782772931144053 -0.00845550116326784 -0.00904634525910532 -0.00945255057499358 -0.00974797262291232 -0.00996953915885137 -0.0101172501828107 -0.0101911056947904 -0.0102280334507803 -0.0101911056947904 -0.0101172501828107 -0.0100803224268209 -0.0100803224268209 -0.0100803224268209 -0.0100064669148412 -0.00993261140286153 -0.00989568364687169 -0.00989568364687169 -0.00993261140286153 -0.0100433946708311
