data/dem1.asc
NCOLS 117 
NROWS 117 
XLLCORNER 794599.107614635 
YLLCORNER 8931774.87460253 
CELLSIZE 30.8499999999996 
NODATA_value -9999 
[rows 90 to 107 of 117, columns 0 to 40 of 117]
-0.00830779013930848 -0.00827086238331863 -0.00823393462732879 -0.00819700687133895 -0.00816007911534911 -0.00808622360336942 -0.00801236809138974 -0.00797544033539989 -0.00790158482342021 -0.00775387379946084 -0.00760616277550147 -0.00745845175154211 -0.00723688521560305 -0.007015318679664 -0.00679375214372494 -0.0067568243877351 -0.00679375214372494 -0.00671989663174526 -0.00653525785179605 -0.00638754682783668 -0.00635061907184684 -0.00623983580387731 -0.00616598029189763 -0.00620290804788747 -0.00627676355986715 -0.00623983580387731 -0.00616598029189763 -0.0060551970239281 -0.00598134151194841 -0.00590748599996873 -0.0057967027319992 -0.00568591946402968 -0.00561206395204999 -0.00561206395204999 -0.00564899170803983 -0.0057967027319992 -0.00601826926793826 -0.00627676355986715 -0.00653525785179605 -0.00668296887575542 -0.00668296887575542
-0.00812315135935926 -0.00819700687133895 -0.00819700687133895 -0.00812315135935926 -0.00801236809138974 -0.00797544033539989 -0.00790158482342021 -0.00786465706743037 -0.00779080155545068 -0.00768001828748116 -0.00764309053149132 -0.00749537950753195 -0.00727381297159289 -0.00690453541169447 -0.00660911336377573 -0.00660911336377573 -0.00664604111976558 -0.00664604111976558 -0.00649833009580621 -0.00635061907184684 -0.00631369131585699 -0.00616598029189763 -0.00612905253590778 -0.00616598029189763 -0.00620290804788747 -0.00620290804788747 -0.00612905253590778 -0.0060551970239281 -0.00598134151194841 -0.00594441375595857 -0.00583363048798905 -0.00572284722001952 -0.00564899170803983 -0.00564899170803983 -0.00568591946402968 -0.00587055824397889 -0.00612905253590778 -0.00642447458382652 -0.00671989663174526 -0.00694146316768431 -0.00697839092367416
-0.00797544033539989 -0.00804929584737958 -0.00804929584737958 -0.00801236809138974 -0.00793851257941005 -0.00786465706743037 -0.00782772931144053 -0.00775387379946084 -0.00764309053149132 -0.00760616277550147 -0.00756923501951163 -0.00745845175154211 -0.00723688521560305 -0.00690453541169447 -0.00649833009580621 -0.00642447458382652 -0.00649833009580621 -0.00657218560778589 -0.00653525785179605 -0.00638754682783668 -0.00635061907184684 -0.00627676355986715 -0.00620290804788747 -0.00620290804788747 -0.00623983580387731 -0.00620290804788747 -0.00609212477991794 -0.00598134151194841 -0.00594441375595857 -0.00590748599996873 -0.00583363048798905 -0.00572284722001952 -0.00568591946402968 -0.00564899170803983 -0.00572284722001952 -0.00590748599996873 -0.00616598029189763 -0.00646140233981636 -0.00679375214372494 -0.00705224643565384 -0.00716302970362337
-0.00786465706743037 -0.00793851257941005 -0.00790158482342021 -0.00786465706743037 -0.00782772931144053 -0.00775387379946084 -0.00768001828748116 -0.00760616277550147 -0.00753230726352179 -0.00749537950753195 -0.00742152399555226 -0.00727381297159289 -0.00708917419164368 -0.00683067989971479 -0.00649833009580621 -0.00638754682783668 -0.00642447458382652 -0.00653525785179605 -0.00649833009580621 -0.00635061907184684 -0.00638754682783668 -0.00635061907184684 -0.00627676355986715 -0.00627676355986715 -0.00627676355986715 -0.00616598029189763 -0.00601826926793826 -0.00587055824397889 -0.0057967027319992 -0.0057967027319992 -0.00572284722001952 -0.00568591946402968 -0.00564899170803983 -0.00561206395204999 -0.00568591946402968 -0.00587055824397889 -0.00612905253590778 -0.00642447458382652 -0.0067568243877351 -0.007015318679664 -0.00723688521560305
-0.00768001828748116 -0.00775387379946084 -0.00775387379946084 -0.007716946043471 -0.00768001828748116 -0.00760616277550147 -0.00753230726352179 -0.00745845175154211 -0.00738459623956242 -0.00738459623956242 -0.00723688521560305 -0.00705224643565384 -0.00686760765570463 -0.00668296887575542 -0.00653525785179605 -0.00642447458382652 -0.00638754682783668 -0.00642447458382652 -0.00642447458382652 -0.00635061907184684 -0.00635061907184684 -0.00631369131585699 -0.00623983580387731 -0.00623983580387731 -0.00620290804788747 -0.0060551970239281 -0.00587055824397889 -0.00568591946402968 -0.00564899170803983 -0.00561206395204999 -0.00557513619606015 -0.00550128068408047 -0.00550128068408047 -0.00553820844007031 -0.00561206395204999 -0.00575977497600936 -0.00601826926793826 -0.00631369131585699 -0.00664604111976558 -0.00694146316768431 -0.00719995745961321
-0.00745845175154211 -0.00749537950753195 -0.00749537950753195 -0.00749537950753195 -0.00745845175154211 -0.00738459623956242 -0.00734766848357258 -0.00731074072758273 -0.00727381297159289 -0.00723688521560305 -0.00708917419164368 -0.00686760765570463 -0.00668296887575542 -0.00660911336377573 -0.00653525785179605 -0.00642447458382652 -0.00631369131585699 -0.00631369131585699 -0.00631369131585699 -0.00627676355986715 -0.00623983580387731 -0.00620290804788747 -0.00612905253590778 -0.00609212477991794 -0.0060551970239281 -0.00587055824397889 -0.00564899170803983 -0.00546435292809062 -0.00542742517210078 -0.00539049741611094 -0.0053535696601211 -0.00531664190413126 -0.0053535696601211 -0.00542742517210078 -0.00553820844007031 -0.00568591946402968 -0.00590748599996873 -0.00620290804788747 -0.00649833009580621 -0.00679375214372494 -0.00705224643565384
-0.00723688521560305 -0.00723688521560305 -0.00723688521560305 -0.00716302970362337 -0.00716302970362337 -0.00716302970362337 -0.00712610194763352 -0.00712610194763352 -0.00712610194763352 -0.00708917419164368 -0.00697839092367416 -0.0067568243877351 -0.00660911336377573 -0.00649833009580621 -0.00642447458382652 -0.00631369131585699 -0.00620290804788747 -0.00623983580387731 -0.00620290804788747 -0.00616598029189763 -0.00612905253590778 -0.0060551970239281 -0.00601826926793826 -0.00594441375595857 -0.00583363048798905 -0.00564899170803983 -0.00539049741611094 -0.00524278639215157 -0.00516893088017189 -0.00516893088017189 -0.00516893088017189 -0.00516893088017189 -0.00524278639215157 -0.00531664190413126 -0.00539049741611094 -0.00550128068408047 -0.00572284722001952 -0.00601826926793826 -0.00631369131585699 -0.00657218560778589 -0.00683067989971479
-0.00708917419164368 -0.00705224643565384 -0.007015318679664 -0.00694146316768431 -0.00690453541169447 -0.00690453541169447 -0.00690453541169447 -0.00690453541169447 -0.00694146316768431 -0.00690453541169447 -0.00683067989971479 -0.00668296887575542 -0.00649833009580621 -0.00635061907184684 -0.00627676355986715 -0.00616598029189763 -0.00609212477991794 -0.00609212477991794 -0.00609212477991794 -0.0060551970239281 -0.00601826926793826 -0.00594441375595857 -0.00590748599996873 -0.00583363048798905 -0.00564899170803983 -0.00542742517210078 -0.00520585863616173 -0.00505814761220236 -0.00498429210022268 -0.00502121985621252 -0.00498429210022268 -0.00502121985621252 -0.0050950753681922 -0.00513200312418204 -0.00520585863616173 -0.00531664190413126 -0.00553820844007031 -0.00587055824397889 -0.00612905253590778 -0.00635061907184684 -0.00653525785179605
-0.00705224643565384 -0.00697839092367416 -0.00690453541169447 -0.00683067989971479 -0.0067568243877351 -0.00668296887575542 -0.00668296887575542 -0.00671989663174526 -0.00671989663174526 -0.00671989663174526 -0.00668296887575542 -0.00653525785179605 -0.00635061907184684 -0.00620290804788747 -0.00609212477991794 -0.00598134151194841 -0.00598134151194841 -0.00598134151194841 -0.00598134151194841 -0.00601826926793826 -0.00598134151194841 -0.00594441375595857 -0.00587055824397889 -0.00575977497600936 -0.00553820844007031 -0.00527971414814141 -0.00505814761220236 -0.00491043658824299 -0.00487350883225315 -0.00487350883225315 -0.00483658107626331 -0.00483658107626331 -0.00487350883225315 -0.00494736434423283 -0.00498429210022268 -0.0050950753681922 -0.0053535696601211 -0.00561206395204999 -0.00587055824397889 -0.0060551970239281 -0.00620290804788747
-0.007015318679664 -0.00694146316768431 -0.00686760765570463 -0.00679375214372494 -0.00668296887575542 -0.00660911336377573 -0.00660911336377573 -0.00657218560778589 -0.00653525785179605 -0.00649833009580621 -0.00642447458382652 -0.00631369131585699 -0.00616598029189763 -0.00601826926793826 -0.00590748599996873 -0.0057967027319992 -0.00583363048798905 -0.00583363048798905 -0.00590748599996873 -0.00598134151194841 -0.00601826926793826 -0.00598134151194841 -0.00587055824397889 -0.00568591946402968 -0.00542742517210078 -0.00520585863616173 -0.00498429210022268 -0.00487350883225315 -0.00483658107626331 -0.00476272556428362 -0.00472579780829378 -0.00468887005230394 -0.00472579780829378 -0.00476272556428362 -0.00483658107626331 -0.00494736434423283 -0.00513200312418204 -0.0053535696601211 -0.00553820844007031 -0.00572284722001952 -0.00590748599996873
-0.00690453541169447 -0.00683067989971479 -0.0067568243877351 -0.00671989663174526 -0.00664604111976558 -0.00657218560778589 -0.00653525785179605 -0.00642447458382652 -0.00631369131585699 -0.00623983580387731 -0.00616598029189763 -0.00609212477991794 -0.00594441375595857 -0.0057967027319992 -0.00561206395204999 -0.00561206395204999 -0.00561206395204999 -0.00564899170803983 -0.0057967027319992 -0.00590748599996873 -0.00598134151194841 -0.00590748599996873 -0.00575977497600936 -0.00557513619606015 -0.00539049741611094 -0.00516893088017189 -0.00498429210022268 -0.00487350883225315 -0.00479965332027346 -0.00468887005230394 -0.00457808678433441 -0.00454115902834457 -0.00461501454032425 -0.00465194229631409 -0.00468887005230394 -0.00479965332027346 -0.00494736434423283 -0.00513200312418204 -0.00531664190413126 -0.00546435292809062 -0.00564899170803983
-0.00679375214372494 -0.00671989663174526 -0.00664604111976558 -0.00657218560778589 -0.00653525785179605 -0.00649833009580621 -0.00638754682783668 -0.00620290804788747 -0.0060551970239281 -0.00594441375595857 -0.00587055824397889 -0.00587055824397889 -0.0057967027319992 -0.00561206395204999 -0.00546435292809062 -0.00542742517210078 -0.0053535696601211 -0.00539049741611094 -0.00557513619606015 -0.00568591946402968 -0.00568591946402968 -0.00561206395204999 -0.00553820844007031 -0.00542742517210078 -0.00527971414814141 -0.0050950753681922 -0.00494736434423283 -0.00479965332027346 -0.00468887005230394 -0.00457808678433441 -0.00446730351636488 -0.0043934480043852 -0.00446730351636488 -0.00450423127235472 -0.00457808678433441 -0.00472579780829378 -0.00483658107626331 -0.00498429210022268 -0.00513200312418204 -0.00527971414814141 -0.00550128068408047
-0.00668296887575542 -0.00660911336377573 -0.00649833009580621 -0.00642447458382652 -0.00638754682783668 -0.00635061907184684 -0.00612905253590778 -0.00590748599996873 -0.00575977497600936 -0.00564899170803983 -0.00564899170803983 -0.00575977497600936 -0.00564899170803983 -0.00539049741611094 -0.0053535696601211 -0.00524278639215157 -0.00513200312418204 -0.00513200312418204 -0.00531664190413126 -0.00539049741611094 -0.00539049741611094 -0.00539049741611094 -0.00539049741611094 -0.00531664190413126 -0.00520585863616173 -0.00502121985621252 -0.00483658107626331 -0.00468887005230394 -0.00454115902834457 -0.00443037576037504 -0.00435652024839536 -0.00428266473641567 -0.00431959249240551 -0.0043934480043852 -0.00450423127235472 -0.00461501454032425 -0.00472579780829378 -0.00483658107626331 -0.00498429210022268 -0.00513200312418204 -0.0053535696601211
-0.00657218560778589 -0.00646140233981636 -0.00635061907184684 -0.00627676355986715 -0.00623983580387731 -0.00616598029189763 -0.00594441375595857 -0.00575977497600936 -0.00564899170803983 -0.00553820844007031 -0.00553820844007031 -0.00557513619606015 -0.0053535696601211 -0.00527971414814141 -0.00520585863616173 -0.0050950753681922 -0.00498429210022268 -0.00502121985621252 -0.00516893088017189 -0.00520585863616173 -0.00520585863616173 -0.00527971414814141 -0.00531664190413126 -0.00524278639215157 -0.00520585863616173 -0.00505814761220236 -0.00476272556428362 -0.00457808678433441 -0.00443037576037504 -0.00431959249240551 -0.00424573698042583 -0.00420880922443599 -0.00424573698042583 -0.00431959249240551 -0.0043934480043852 -0.00450423127235472 -0.00461501454032425 -0.00476272556428362 -0.00487350883225315 -0.00502121985621252 -0.00520585863616173
-0.00642447458382652 -0.00631369131585699 -0.00620290804788747 -0.00612905253590778 -0.00609212477991794 -0.00601826926793826 -0.00587055824397889 -0.00572284722001952 -0.00557513619606015 -0.00550128068408047 -0.00546435292809062 -0.00542742517210078 -0.00520585863616173 -0.00513200312418204 -0.0050950753681922 -0.00502121985621252 -0.00502121985621252 -0.0050950753681922 -0.0050950753681922 -0.00505814761220236 -0.0050950753681922 -0.00516893088017189 -0.00524278639215157 -0.00520585863616173 -0.00516893088017189 -0.00505814761220236 -0.00476272556428362 -0.00454115902834457 -0.00435652024839536 -0.00424573698042583 -0.00417188146844614 -0.00417188146844614 -0.00420880922443599 -0.00424573698042583 -0.00435652024839536 -0.00443037576037504 -0.00454115902834457 -0.00465194229631409 -0.00476272556428362 -0.00491043658824299 -0.0050950753681922
-0.00631369131585699 -0.00623983580387731 -0.00616598029189763 -0.0060551970239281 -0.00598134151194841 -0.00594441375595857 -0.00583363048798905 -0.00564899170803983 -0.00550128068408047 -0.00539049741611094 -0.0053535696601211 -0.00520585863616173 -0.00505814761220236 -0.00498429210022268 -0.00494736434423283 -0.00494736434423283 -0.00502121985621252 -0.0050950753681922 -0.00505814761220236 -0.00494736434423283 -0.00491043658824299 -0.00502121985621252 -0.00513200312418204 -0.00516893088017189 -0.00516893088017189 -0.00505814761220236 -0.00483658107626331 -0.00461501454032425 -0.0043934480043852 -0.00424573698042583 -0.00417188146844614 -0.00417188146844614 -0.00420880922443599 -0.00424573698042583 -0.00431959249240551 -0.0043934480043852 -0.00450423127235472 -0.00461501454032425 -0.00468887005230394 -0.00479965332027346 -0.00498429210022268
-0.00627676355986715 -0.00620290804788747 -0.00612905253590778 -0.0060551970239281 -0.00598134151194841 -0.00590748599996873 -0.00575977497600936 -0.00557513619606015 -0.00542742517210078 -0.00531664190413126 -0.00520585863616173 -0.0050950753681922 -0.00494736434423283 -0.00483658107626331 -0.00479965332027346 -0.00483658107626331 -0.00491043658824299 -0.00494736434423283 -0.00491043658824299 -0.00483658107626331 -0.00476272556428362 -0.00487350883225315 -0.00505814761220236 -0.00513200312418204 -0.00516893088017189 -0.0050950753681922 -0.00494736434423283 -0.00472579780829378 -0.00446730351636488 -0.00428266473641567 -0.00417188146844614 -0.0041349537124563 -0.00417188146844614 -0.00424573698042583 -0.00431959249240551 -0.0043934480043852 -0.00450423127235472 -0.00457808678433441 -0.00461501454032425 -0.00468887005230394 -0.00479965332027346
-0.00623983580387731 -0.00616598029189763 -0.00612905253590778 -0.0060551970239281 -0.00598134151194841 -0.00583363048798905 -0.00568591946402968 -0.00553820844007031 -0.00539049741611094 -0.00516893088017189 -0.0050950753681922 -0.00498429210022268 -0.00483658107626331 -0.00468887005230394 -0.00465194229631409 -0.00468887005230394 -0.00468887005230394 -0.00461501454032425 -0.00461501454032425 -0.00457808678433441 -0.00457808678433441 -0.00472579780829378 -0.00491043658824299 -0.00505814761220236 -0.00513200312418204 -0.00505814761220236 -0.00491043658824299 -0.00472579780829378 -0.00450423127235472 -0.00431959249240551 -0.00417188146844614 -0.00409802595646646 -0.0041349537124563 -0.00420880922443599 -0.00428266473641567 -0.0043934480043852 -0.00446730351636488 -0.00454115902834457 -0.00454115902834457 -0.00457808678433441 -0.00472579780829378
