data/dem1.asc
NCOLS 117 
NROWS 117 
XLLCORNER 794599.107614635 
YLLCORNER 8931774.87460253 
CELLSIZE 30.8499999999996 
NODATA_value -9999 
[rows 0 to 17 of 117, columns 41 to 81 of 117]
0.00827277230013069 0.00786656698424243 0.007497289424344 0.00727572288840495 0.00723879513241511 0.00731265064439479 0.007497289424344 0.00768192820429321 0.00786656698424243 0.00794042249622211 0.00790349474023227 0.0077557837162729 0.00760807269231353 0.00746036166835416 0.00742343391236432 0.00757114493632369 0.0077557837162729 0.00801427800820179 0.00823584454414085 0.00842048332409006 0.00860512210403927 0.00878976088398848 0.00901132741992753 0.00926982171185643 0.00908518293190722 0.00945446049180564 0.00982373805170406 0.0101930156116025 0.0105622931715009 0.0109315707313993 0.0113377760472876 0.0116331980952063 0.0118916923871352 0.0120024756551048 0.0119286201431251 0.0117439813631759 0.0113747038032774 0.0109684984873892 0.0104884376595212 0.0100453045876431 0.00956524375977517
0.00838355556810022 0.00797735025221195 0.00760807269231353 0.00742343391236432 0.00742343391236432 0.00757114493632369 0.00779271147226274 0.00805120576419164 0.00830970005612053 0.00842048332409006 0.00838355556810022 0.00827277230013069 0.00808813352018148 0.00797735025221195 0.00801427800820179 0.00816198903216116 0.00842048332409006 0.00867897761601896 0.00893747190794785 0.0091590384438869 0.00930674946784628 0.00945446049180564 0.00967602702774469 0.00986066580769391 0.0101191600996228 0.00989759356368375 0.0102668711235822 0.0106730764394704 0.0110792817553587 0.0114485593152571 0.0118178368751555 0.0121501866790641 0.0123717532150032 0.0124456087269829 0.0123348254590133 0.0120024756551048 0.0115593425832266 0.0110423539993689 0.0105253654155111 0.0100083768316533 0.00949138824779548
0.00860512210403927 0.00816198903216116 0.00782963922825258 0.00768192820429321 0.00771885596028306 0.00786656698424243 0.00812506127617132 0.0084574110800799 0.0087159053720088 0.00886361639596817 0.00886361639596817 0.00875283312799864 0.00860512210403927 0.00853126659205959 0.00856819434804943 0.00875283312799864 0.00904825517591738 0.00938060497982596 0.00967602702774469 0.00993452131967359 0.010082232343633 0.0101930156116025 0.0103776543915517 0.0105253654155111 0.0107100041954603 0.0104145821475415 0.01078385970744 0.0112269927793181 0.0116701258511962 0.0120763311670844 0.0124825364829727 0.0127410307749016 0.0129256695548508 0.0129256695548508 0.0127041030189118 0.0122978977030235 0.0117439813631759 0.0111531372673384 0.0105992209274908 0.0100083768316533 0.0094175327358158
0.00886361639596817 0.0084574110800799 0.00812506127617132 0.00801427800820179 0.00808813352018148 0.00827277230013069 0.00856819434804943 0.00890054415195801 0.0091590384438869 0.00934367722383612 0.00934367722383612 0.00923289395586659 0.00908518293190722 0.00901132741992753 0.00908518293190722 0.00930674946784628 0.00963909927175485 0.0100453045876431 0.0104145821475415 0.0107469319514501 0.0108946429754095 0.011005426243379 0.0111162095113485 0.0112269927793181 0.0113747038032774 0.0116701258511962 0.0114116315592673 0.0118916923871352 0.0123717532150032 0.0128148862868813 0.0131841638467797 0.0134426581387086 0.0135165136506883 0.0134426581387086 0.0131103083348 0.0125933197509422 0.0119655478991149 0.0113008482912978 0.0106361486834806 0.0100083768316533 0.0094175327358158
0.00923289395586659 0.00882668863997832 0.00856819434804943 0.00849433883606974 0.00856819434804943 0.00882668863997832 0.00912211068789706 0.0094175327358158 0.00967602702774469 0.00982373805170406 0.00978681029571422 0.00971295478373453 0.00960217151576501 0.00949138824779548 0.00952831600378533 0.00978681029571422 0.0101930156116025 0.0106361486834806 0.0111162095113485 0.0115224148272368 0.0117439813631759 0.0118178368751555 0.0118916923871352 0.0119655478991149 0.0121501866790641 0.0124456087269829 0.0121132589230743 0.0125933197509422 0.0131103083348 0.0135534414066781 0.0138857912105867 0.0140704299905359 0.0140704299905359 0.0139227189665766 0.0134795858946984 0.0128518140428711 0.0121132589230743 0.0113747038032774 0.0107100041954603 0.010082232343633 0.0094175327358158
0.00963909927175485 0.00923289395586659 0.00901132741992753 0.00901132741992753 0.0091590384438869 0.00938060497982596 0.00967602702774469 0.00997144907566343 0.0101930156116025 0.010303798879572 0.0102668711235822 0.0101930156116025 0.0100453045876431 0.00997144907566343 0.0100083768316533 0.0102668711235822 0.0107100041954603 0.0112639205353079 0.0117809091191657 0.012187114435054 0.0124825364829727 0.0126302475069321 0.0127041030189118 0.0128148862868813 0.0129995250668305 0.0132580193587594 0.0136272969186578 0.0133318748707391 0.013811935698607 0.0141812132585054 0.0144397075504343 0.0145874185743937 0.014513563062414 0.014291996526475 0.0137750079426172 0.0130733805788102 0.0122609699470337 0.011485487071247 0.01078385970744 0.0101560878556126 0.00952831600378533
0.010082232343633 0.00971295478373453 0.00952831600378533 0.00956524375977517 0.00971295478373453 0.00997144907566343 0.0102668711235822 0.0105622931715009 0.0107469319514501 0.0108207874634298 0.01078385970744 0.0106730764394704 0.0105622931715009 0.0104884376595212 0.0105253654155111 0.01078385970744 0.0112639205353079 0.0118178368751555 0.0123348254590133 0.0127779585308914 0.0130733805788102 0.0132949471147492 0.0134426581387086 0.013590369162668 0.013811935698607 0.0140704299905359 0.0143658520384547 0.0140335022345461 0.0144027797944445 0.0146982018423632 0.0149197683783023 0.014993623890282 0.0148828406223124 0.0145504908184039 0.0139965744785562 0.0132210916027696 0.0123717532150032 0.0115962703392165 0.0108946429754095 0.010303798879572 0.00963909927175485
0.0105253654155111 0.0101930156116025 0.0100453045876431 0.010082232343633 0.0102668711235822 0.0105253654155111 0.0108207874634298 0.0111162095113485 0.0113008482912978 0.0113747038032774 0.0113377760472876 0.0112639205353079 0.0111162095113485 0.0110792817553587 0.0111162095113485 0.0113377760472876 0.0118178368751555 0.0123348254590133 0.0128148862868813 0.0132580193587594 0.0136272969186578 0.0138857912105867 0.0141073577465258 0.0143289242824648 0.0145874185743937 0.0148459128663226 0.0150674794022617 0.0146612740863734 0.0149566961342921 0.015215190426221 0.0153629014501804 0.0153629014501804 0.015215190426221 0.0148089851103328 0.0141442855025156 0.0133688026267289 0.0125194642389625 0.0117439813631759 0.0110423539993689 0.0104515099035314 0.00904825517591738
0.0109684984873892 0.0106361486834806 0.0105253654155111 0.0105622931715009 0.0107469319514501 0.0110423539993689 0.0113377760472876 0.0115962703392165 0.0118178368751555 0.0119286201431251 0.0119286201431251 0.0118547646311454 0.0117809091191657 0.011707053607186 0.0117439813631759 0.0119655478991149 0.0123348254590133 0.0128148862868813 0.0132949471147492 0.0137380801866273 0.0141442855025156 0.0144766353064242 0.0147720573543429 0.0150674794022617 0.0153629014501804 0.0155844679861195 0.0158060345220585 0.0159537455460179 0.0155106124741398 0.015695251254089 0.0158060345220585 0.0157691067660687 0.0155106124741398 0.0150305516462718 0.0143658520384547 0.0135165136506883 0.0127041030189118 0.0118916923871352 0.0111900650233282 0.0105622931715009 0.00919596619987675
0.0114116315592673 0.0110792817553587 0.0109684984873892 0.0110423539993689 0.0112269927793181 0.011485487071247 0.0117809091191657 0.0120394034110946 0.0122609699470337 0.0124456087269829 0.0124825364829727 0.0124825364829727 0.012408680970993 0.0123717532150032 0.0124456087269829 0.0125933197509422 0.0129256695548508 0.0133688026267289 0.0137750079426172 0.0142181410144953 0.0146612740863734 0.0151044071582515 0.0154736847181499 0.0158429622780484 0.0161383843259671 0.0163599508619061 0.0165445896418554 0.0166923006658147 0.0161383843259671 0.0162491675939366 0.0162860953499265 0.0161753120819569 0.0158429622780484 0.0152890459382007 0.0145874185743937 0.0137380801866273 0.012888741798861 0.0120763311670844 0.0113747038032774 0.0100453045876431 0.00934367722383612
0.0117809091191657 0.011485487071247 0.0114116315592673 0.011485487071247 0.011707053607186 0.0119286201431251 0.0122240421910438 0.0124825364829727 0.0127410307749016 0.0129256695548508 0.0130364528228203 0.0130733805788102 0.0130733805788102 0.0130733805788102 0.0131103083348 0.0132580193587594 0.0135534414066781 0.0139227189665766 0.0143658520384547 0.0148089851103328 0.0152890459382007 0.0157691067660687 0.0161753120819569 0.0165815173978452 0.0168769394457639 0.0171354337376928 0.017320072517642 0.0174308557856116 0.0174677835416014 0.0168400116897741 0.0167661561777944 0.0165445896418554 0.0161014565699772 0.0155106124741398 0.0147720573543429 0.0139227189665766 0.0130364528228203 0.0122978977030235 0.0108207874634298 0.0101560878556126 0.00945446049180564
0.0120763311670844 0.0118547646311454 0.0117809091191657 0.0118916923871352 0.0121132589230743 0.0123717532150032 0.0126302475069321 0.0129256695548508 0.0131841638467797 0.0134426581387086 0.013590369162668 0.0137011524306375 0.0137380801866273 0.0137750079426172 0.0138857912105867 0.0139965744785562 0.0142550687704851 0.0145874185743937 0.014993623890282 0.0154736847181499 0.0159537455460179 0.0164338063738858 0.0168769394457639 0.0172462170056624 0.0175785668095709 0.0178370611014998 0.018021699881449 0.0180955553934287 0.018021699881449 0.0173570002736319 0.017098505981703 0.0167661561777944 0.0162860953499265 0.0156583234980991 0.0148828406223124 0.0140335022345461 0.0131841638467797 0.011707053607186 0.0109315707313993 0.0101930156116025 0.00949138824779548
0.012408680970993 0.012187114435054 0.0121501866790641 0.0122978977030235 0.0125194642389625 0.0128148862868813 0.0131103083348 0.0134057303827188 0.0137011524306375 0.0139596467225664 0.0141812132585054 0.0143289242824648 0.0144397075504343 0.0145504908184039 0.0146243463303836 0.0148089851103328 0.0150305516462718 0.0153629014501804 0.0157321790100788 0.0161753120819569 0.016618445153835 0.0170246504697233 0.0174677835416014 0.0178739888574897 0.0182063386613983 0.0184648329533271 0.0186494717332764 0.0186494717332764 0.0184279051973373 0.018021699881449 0.0173570002736319 0.0169507949577436 0.0164338063738858 0.0157321790100788 0.0149566961342921 0.0141073577465258 0.0133318748707391 0.0118547646311454 0.0110423539993689 0.010303798879572 0.00956524375977517
0.0127410307749016 0.0125194642389625 0.0125563919949524 0.0127041030189118 0.0129625973108407 0.0132949471147492 0.013590369162668 0.0139227189665766 0.0142181410144953 0.0145504908184039 0.0148089851103328 0.0150305516462718 0.0151782626702312 0.0152890459382007 0.0153998292061702 0.0155844679861195 0.0158429622780484 0.0161383843259671 0.0164707341298757 0.0168400116897741 0.0172462170056624 0.0176154945655608 0.018021699881449 0.0183909774413475 0.018723327245256 0.0189818215371849 0.0191295325611443 0.0190926048051545 0.0187971827572357 0.0183540496853576 0.0175785668095709 0.017098505981703 0.0165076618858655 0.0157691067660687 0.014993623890282 0.0142181410144953 0.0127410307749016 0.0120024756551048 0.0112269927793181 0.0104145821475415 0.00960217151576501
0.0131472360907899 0.0129995250668305 0.0129995250668305 0.0131841638467797 0.0134426581387086 0.0137750079426172 0.0141073577465258 0.0144397075504343 0.0147720573543429 0.0151413349142413 0.0154736847181499 0.0157321790100788 0.015916817790028 0.0161014565699772 0.0162491675939366 0.0164338063738858 0.0166553729098249 0.0169138672017538 0.0171723614936827 0.0175047112975912 0.0178370611014998 0.0181694109054084 0.0185386884653068 0.0189079660252053 0.019203388073124 0.019424954609063 0.0194988101210427 0.0193880268530732 0.0190556770491646 0.0185756162212967 0.01780013334551 0.0172092892496725 0.0165445896418554 0.0158060345220585 0.0150674794022617 0.0136272969186578 0.0129256695548508 0.0122240421910438 0.0114116315592673 0.0105622931715009 0.00967602702774469
0.0137011524306375 0.013590369162668 0.013590369162668 0.0137380801866273 0.0139965744785562 0.0143289242824648 0.0146612740863734 0.014993623890282 0.0153629014501804 0.0157321790100788 0.0161014565699772 0.0164338063738858 0.0166923006658147 0.0168769394457639 0.0170615782257131 0.0172462170056624 0.0174308557856116 0.0176154945655608 0.0178370611014998 0.0180955553934287 0.0183540496853576 0.0186494717332764 0.0189818215371849 0.0193141713410935 0.0195726656330224 0.0197573044129716 0.0197573044129716 0.0195726656330224 0.019203388073124 0.0186863994892662 0.0180955553934287 0.017320072517642 0.016618445153835 0.015916817790028 0.0151782626702312 0.0138488634545969 0.0131841638467797 0.0124456087269829 0.0116701258511962 0.0107469319514501 0.00982373805170406
0.0144766353064242 0.0143289242824648 0.0143289242824648 0.0144397075504343 0.0146243463303836 0.0148828406223124 0.015215190426221 0.0155475402301296 0.015916817790028 0.0163230231059163 0.0166923006658147 0.0170246504697233 0.017320072517642 0.0175416390535811 0.0176893500775405 0.0178739888574897 0.018021699881449 0.0182063386613983 0.0183909774413475 0.0185756162212967 0.0187602550012459 0.0190187492931748 0.0192772435851037 0.0195726656330224 0.0197573044129716 0.0198680876809412 0.0197942321689615 0.0195357378770326 0.0191664603171341 0.0186863994892662 0.0180955553934287 0.0173939280296217 0.0166923006658147 0.0160276010579976 0.0146982018423632 0.0141073577465258 0.0134426581387086 0.0127410307749016 0.0119286201431251 0.011005426243379 0.0100453045876431
0.0152890459382007 0.0152521181822109 0.015215190426221 0.0152521181822109 0.0153629014501804 0.0155844679861195 0.0158429622780484 0.0161014565699772 0.0164338063738858 0.0168030839337842 0.0171354337376928 0.0174677835416014 0.0177262778335303 0.0179478443694694 0.0181324831494186 0.0182801941733779 0.0183909774413475 0.0185386884653068 0.0186863994892662 0.0188710382692154 0.0190187492931748 0.0192403158291138 0.019424954609063 0.0195726656330224 0.0196834489009919 0.0196465211450021 0.0195357378770326 0.0193141713410935 0.0189818215371849 0.0185756162212967 0.018021699881449 0.0174308557856116 0.0167661561777944 0.0155106124741398 0.0148828406223124 0.014291996526475 0.0136642246746477 0.0129625973108407 0.012187114435054 0.0113008482912978 0.0103776543915517
