data/dem2.asc
NCOLS 117 
NROWS 117 
XLLCORNER 794599.107614635 
YLLCORNER 8931774.87460253 
CELLSIZE 30.8499999999996 
NODATA_value -9999 
[rows 72 to 89 of 117, columns 41 to 81 of 117]
-0.00746285462778948 -0.00730782695134679 -0.00730782695134679 -0.00735987604834487 -0.007513784110236 -0.00785984075154718 -0.00823294176487175 -0.00853981189687856 -0.00870695575131392 -0.00858215766776317 -0.00823294176487175 -0.00776283344971086 -0.00720260914279908 -0.00636589196025023 -0.00544520368633487 -0.004440544321053 -0.00320041865439271 -0.00185243678593277 -0.000573471855520324 0.000510159274593522 0.00116709555638603 0.00155069822412172 0.00164753190318193 0.00164753190318193 0.00164753190318193 0.00135815048055284 0.000977533451621299 0.000325822037736037 -0.000396598715673195 -0.00100912362025409 -0.00143544526372491 -0.00160336148715961 -0.00168675979160118 -0.00151958997786751 -0.00109513435864929 -0.000485221888022018 0.000417804053739521 0.00135815048055284 0.0024356367102823 0.00345435615570436 0.00429620246127928
-0.0072554046494982 -0.0070958985148493 -0.00698769506749745 -0.00693303353654574 -0.00704198339359863 -0.00730782695134679 -0.00766433332847247 -0.00800255266792278 -0.00823294176487175 -0.00818761035518299 -0.00790778459518957 -0.007513784110236 -0.00704198339359863 -0.00636589196025023 -0.00550919533854952 -0.00457935056614732 -0.00335191386440463 -0.00185243678593277 -0.000307602338473853 0.000883312206514708 0.00164753190318193 0.00203859866792797 0.00213729837124078 0.0022363712794041 0.00233581739241794 0.00233581739241794 0.00203859866792797 0.00155069822412172 0.000977533451621299 0.000417804053739521 5.21152188286918e-05 -0.000218232756423994 -0.000396598715673195 -0.000307602338473853 -3.8373977772722e-05 0.000417804053739521 0.00107212790157841 0.00174473878709267 0.00263639496056257 0.00366257850299498 0.00451039608617819
-0.00714944043124945 -0.00693303353654574 -0.00676680971458752 -0.00659722704897465 -0.00653995308406932 -0.00671065536423375 -0.0070958985148493 -0.00735987604834487 -0.0076145234605775 -0.00766433332847247 -0.00746285462778948 -0.0070958985148493 -0.00659722704897465 -0.00606832599020805 -0.0053808388292697 -0.00451013404602542 -0.00327635286182393 -0.00176978489119224 -0.000128489969523616 0.00116709555638603 0.00203859866792797 0.00253582923299718 0.00273733389297848 0.00294033137236186 0.0031448216711473 0.0031448216711473 0.00294033137236186 0.00253582923299718 0.0022363712794041 0.00194027216946569 0.00164753190318193 0.00135815048055284 0.00126243641604418 0.00126243641604418 0.00145423774991202 0.00164753190318193 0.00203859866792797 0.0024356367102823 0.0031448216711473 0.0039777110603098 0.00472608253047917
-0.00704198339359863 -0.00682259086009078 -0.00653995308406932 -0.00624798518678491 -0.00600769318164807 -0.00612858559391753 -0.00636589196025023 -0.00665412780902946 -0.00682259086009078 -0.00693303353654574 -0.00682259086009078 -0.00653995308406932 -0.00618847199277648 -0.00576142989890294 -0.00525098950058782 -0.00437058139123007 -0.00312411124211097 -0.00168675979160118 -0.000218232756423994 0.00116709555638603 0.0022363712794041 0.00283864603024491 0.0032476266278158 0.00345435615570436 0.00366257850299498 0.00376724948391607 0.00366257850299498 0.00345435615570436 0.0032476266278158 0.0031448216711473 0.0031448216711473 0.00304238991932932 0.00294033137236186 0.00304238991932932 0.00304238991932932 0.0031448216711473 0.0031448216711473 0.00335080478933482 0.00376724948391607 0.00429620246127928 0.00472608253047917
-0.00693303353654574 -0.00671065536423375 -0.00636589196025023 -0.00588530794997654 -0.00557281378591365 -0.00557281378591365 -0.00569893106609036 -0.00588530794997654 -0.00606832599020805 -0.00618847199277648 -0.00612858559391753 -0.00600769318164807 -0.005823555526865 -0.00550919533854952 -0.0050534164711861 -0.00422953591703265 -0.00312411124211097 -0.00176978489119224 -0.000307602338473853 0.00107212790157841 0.0022363712794041 0.0031448216711473 0.00366257850299498 0.0039777110603098 0.0041896654561056 0.0041896654561056 0.00408350165578245 0.00408350165578245 0.00408350165578245 0.0041896654561056 0.00440311267130348 0.00461805270590342 0.00461805270590342 0.00461805270590342 0.00461805270590342 0.00451039608617819 0.00451039608617819 0.00461805270590342 0.00472608253047917 0.00505241123330953 0.00527182972611569
-0.00687799880074352 -0.00659722704897465 -0.00618847199277648 -0.00576142989890294 -0.0053808388292697 -0.0051855050289711 -0.00511964735250386 -0.0051855050289711 -0.00531610076735402 -0.00550919533854952 -0.00557281378591365 -0.00563605902842726 -0.00557281378591365 -0.00531610076735402 -0.00485248459812973 -0.00408699762343316 -0.00304743062497872 -0.00176978489119224 -0.000307602338473853 0.00116709555638603 0.00233581739241794 0.00345435615570436 0.0041896654561056 0.00451039608617819 0.00461805270590342 0.00472608253047917 0.00472608253047917 0.00483448555990544 0.00505241123330953 0.00527182972611569 0.00560375650170381 0.00593904212094659 0.00616443189136104 0.00605155040372856 0.00593904212094659 0.00593904212094659 0.00593904212094659 0.00593904212094659 0.00593904212094659 0.00616443189136104 0.00639131448117755
-0.00682259086009078 -0.00659722704897465 -0.00618847199277648 -0.00569893106609036 -0.00525098950058782 -0.00491983509399904 -0.0046481938814187 -0.00457935056614732 -0.0046481938814187 -0.00485248459812973 -0.0050534164711861 -0.0051855050289711 -0.00525098950058782 -0.0050534164711861 -0.00457935056614732 -0.00387039114665504 -0.00297037680299595 -0.00168675979160118 -0.000218232756423994 0.00135815048055284 0.00273733389297848 0.00387229366968768 0.00461805270590342 0.00494326179418223 0.00516193387728735 0.00527182972611569 0.00538209877979454 0.00560375650170381 0.00605155040372856 0.00627768658384404 0.00661968989039614 0.0069650520406029 0.00719715949832667 0.00719715949832667 0.00708091916703953 0.00719715949832667 0.00719715949832667 0.00708091916703953 0.00719715949832667 0.00731377303446433 0.0075481197212912
-0.00682259086009078 -0.00665412780902946 -0.00624798518678491 -0.00569893106609036 -0.0051855050289711 -0.0046481938814187 -0.00415845337265816 -0.00401516866935763 -0.00401516866935763 -0.00422953591703265 -0.004440544321053 -0.0046481938814187 -0.00485248459812973 -0.00471666399183956 -0.00430024525655662 -0.00365042582622225 -0.00281514954447885 -0.00160336148715961 -0.000128489969523616 0.00155069822412172 0.00304238991932932 0.00440311267130348 0.00516193387728735 0.00549274103832392 0.00571514516993422 0.00593904212094659 0.00616443189136104 0.00639131448117755 0.00673443740228121 0.0069650520406029 0.00731377303446433 0.00766585287198041 0.00802129155315116 0.00802129155315116 0.00790243878791039 0.00802129155315116 0.00802129155315116 0.00814051752324244 0.00826011669818424 0.00838008907797656 0.00838008907797656
-0.00676680971458752 -0.00653995308406932 -0.00618847199277648 -0.00563605902842726 -0.00498681238501783 -0.00437058139123007 -0.00379744257802796 -0.00350191625501448 -0.00342710166213481 -0.00357635764304363 -0.00387039114665504 -0.00415845337265816 -0.00430024525655662 -0.00430024525655662 -0.00394296651043159 -0.00342710166213481 -0.00265842946655968 -0.00151958997786751 5.21152188286918e-05 0.00174473878709267 0.00335080478933482 0.00483448555990544 0.00560375650170381 0.00593904212094659 0.00627768658384404 0.00661968989039614 0.0069650520406029 0.00719715949832667 0.0075481197212912 0.00778395922752014 0.00802129155315116 0.00838008907797656 0.00862115345211275 0.00862115345211275 0.00862115345211275 0.00862115345211275 0.00874224544645663 0.00886371064565102 0.00898554904969592 0.00910776065859135 0.0092303454723373
-0.00653995308406932 -0.00624798518678491 -0.00588530794997654 -0.00544520368633487 -0.00485248459812973 -0.00415845337265816 -0.00357635764304363 -0.00312411124211097 -0.00289294977616266 -0.00297037680299595 -0.00327635286182393 -0.00357635764304363 -0.00387039114665504 -0.00387039114665504 -0.00365042582622225 -0.00312411124211097 -0.00242055031330205 -0.00126603622088813 0.00023421322658307 0.00194027216946569 0.00366257850299498 0.00516193387728735 0.00593904212094659 0.00627768658384404 0.00661968989039614 0.00708091916703953 0.00766585287198041 0.00814051752324244 0.0085004346626194 0.00862115345211275 0.00874224544645663 0.00898554904969592 0.00910776065859135 0.0092303454723373 0.0092303454723373 0.0092303454723373 0.0092303454723373 0.00935330349093376 0.00947663471438074 0.00984886761382478 0.0100988889043734
-0.00612858559391753 -0.005823555526865 -0.00557281378591365 -0.0051855050289711 -0.0046481938814187 -0.00401516866935763 -0.00327635286182393 -0.00265842946655968 -0.00234051085251513 -0.00242055031330205 -0.00273697610794453 -0.00304743062497872 -0.00335191386440463 -0.00357635764304363 -0.00342710166213481 -0.00297037680299595 -0.0022600981868777 -0.00118077189219397 0.000417804053739521 0.00213729837124078 0.00387229366968768 0.00538209877979454 0.00627768658384404 0.00661968989039614 0.0069650520406029 0.00743075977545251 0.00814051752324244 0.00886371064565102 0.0092303454723373 0.0092303454723373 0.00935330349093376 0.00947663471438074 0.00960033914267824 0.00972441677582625 0.00984886761382478 0.00984886761382478 0.00972441677582625 0.00984886761382478 0.0102244593569235 0.0106034099436769 0.0108579096924317
-0.00557281378591365 -0.0053808388292697 -0.00511964735250386 -0.0047847608974099 -0.00437058139123007 -0.00372412080455037 -0.00297037680299595 -0.0022600981868777 -0.00193471547582279 -0.00193471547582279 -0.0022600981868777 -0.00257950962032432 -0.00297037680299595 -0.00327635286182393 -0.00320041865439271 -0.00289294977616266 -0.00217931231638975 -0.00109513435864929 0.000417804053739521 0.00213729837124078 0.00387229366968768 0.00538209877979454 0.00639131448117755 0.0068495581190168 0.00731377303446433 0.00766585287198041 0.00838008907797656 0.00910776065859135 0.00960033914267824 0.00972441677582625 0.00997369165667383 0.0102244593569235 0.0103504030143241 0.0103504030143241 0.0104767198765752 0.0104767198765752 0.0106034099436769 0.0108579096924317 0.0111139022605886 0.0115006901492028 0.0116303658551086
-0.00491983509399904 -0.0047847608974099 -0.00451013404602542 -0.00430024525655662 -0.00387039114665504 -0.00327635286182393 -0.00257950962032432 -0.00193471547582279 -0.00151958997786751 -0.00151958997786751 -0.00185243678593277 -0.0022600981868777 -0.00273697610794453 -0.00297037680299595 -0.00304743062497872 -0.00273697610794453 -0.00209815324105128 -0.00109513435864929 0.00023421322658307 0.00184231887585392 0.00355828072692441 0.00516193387728735 0.00627768658384404 0.0069650520406029 0.0075481197212912 0.00814051752324244 0.00874224544645663 0.00935330349093376 0.00984886761382478 0.0102244593569235 0.010730473215629 0.0109857193740849 0.0109857193740849 0.0109857193740849 0.0109857193740849 0.0112424583519428 0.0113713876481476 0.0116303658551086 0.0118908368814717 0.0120216322019291 0.0122843424573953
-0.00415845337265816 -0.00408699762343316 -0.00387039114665504 -0.00365042582622225 -0.00335191386440463 -0.00273697610794453 -0.00209815324105128 -0.00143544526372491 -0.00100912362025409 -0.00100912362025409 -0.00143544526372491 -0.0020166209608623 -0.00242055031330205 -0.00265842946655968 -0.00273697610794453 -0.00257950962032432 -0.00209815324105128 -0.00135092734473178 -0.000128489969523616 0.00145423774991202 0.0031448216711473 0.00472608253047917 0.00605155040372856 0.0069650520406029 0.00778395922752014 0.0085004346626194 0.00910776065859135 0.00972441677582625 0.0102244593569235 0.010730473215629 0.0112424583519428 0.0115006901492028 0.0115006901492028 0.0113713876481476 0.0115006901492028 0.0117604147658649 0.0120216322019291 0.0121528007272369 0.0122843424573953 0.0124162573924042 0.0126812068769735
-0.00335191386440463 -0.00335191386440463 -0.00320041865439271 -0.00297037680299595 -0.00273697610794453 -0.00217931231638975 -0.00151958997786751 -0.00092273967700837 -0.000573471855520324 -0.000573471855520324 -0.00109513435864929 -0.00176978489119224 -0.00217931231638975 -0.00242055031330205 -0.00250021656923844 -0.00234051085251513 -0.00209815324105128 -0.00151958997786751 -0.000396598715673195 0.000977533451621299 0.00253582923299718 0.0041896654561056 0.00571514516993422 0.0069650520406029 0.00802129155315116 0.00898554904969592 0.00960033914267824 0.0102244593569235 0.010730473215629 0.0113713876481476 0.0117604147658649 0.0118908368814717 0.0117604147658649 0.0117604147658649 0.0118908368814717 0.0121528007272369 0.0122843424573953 0.0124162573924042 0.0125485455322636 0.0125485455322636 0.012814241426534
-0.00242055031330205 -0.00257950962032432 -0.00242055031330205 -0.0022600981868777 -0.0020166209608623 -0.00160336148715961 -0.00100912362025409 -0.000396598715673195 -0.000128489969523616 -0.000218232756423994 -0.000661348618168113 -0.00126603622088813 -0.00168675979160118 -0.00193471547582279 -0.00209815324105128 -0.0020166209608623 -0.00168675979160118 -0.00118077189219397 -0.000396598715673195 0.00069598933085308 0.00203859866792797 0.00376724948391607 0.00560375650170381 0.0069650520406029 0.00826011669818424 0.0092303454723373 0.0100988889043734 0.010730473215629 0.0112424583519428 0.0117604147658649 0.0120216322019291 0.0118908368814717 0.0118908368814717 0.0120216322019291 0.0120216322019291 0.0118908368814717 0.0118908368814717 0.0120216322019291 0.0121528007272369 0.0122843424573953 0.0125485455322636
-0.00135092734473178 -0.00160336148715961 -0.00168675979160118 -0.00160336148715961 -0.00135092734473178 -0.00109513435864929 -0.000573471855520324 5.21152188286918e-05 0.000510159274593522 0.000417804053739521 5.21152188286918e-05 -0.000396598715673195 -0.000748852175965383 -0.00109513435864929 -0.00126603622088813 -0.00118077189219397 -0.000835982528912135 -0.000485221888022018 5.21152188286918e-05 0.000883312206514708 0.00203859866792797 0.00376724948391607 0.00560375650170381 0.00731377303446433 0.00862115345211275 0.00972441677582625 0.0104767198765752 0.0111139022605886 0.0115006901492028 0.0118908368814717 0.0118908368814717 0.0117604147658649 0.0116303658551086 0.0117604147658649 0.0117604147658649 0.0115006901492028 0.0113713876481476 0.0112424583519428 0.0113713876481476 0.0116303658551086 0.0118908368814717
-0.000218232756423994 -0.000485221888022018 -0.000748852175965383 -0.00092273967700837 -0.000748852175965383 -0.000485221888022018 -3.8373977772722e-05 0.000602887700298043 0.00116709555638603 0.00126243641604418 0.00116709555638603 0.000883312206514708 0.000602887700298043 0.00023421322658307 5.21152188286918e-05 0.000142977620280622 0.000417804053739521 0.000602887700298043 0.000789464166258634 0.00145423774991202 0.00253582923299718 0.00408350165578245 0.00593904212094659 0.00778395922752014 0.00910776065859135 0.0100988889043734 0.0108579096924317 0.0113713876481476 0.0116303658551086 0.0117604147658649 0.0116303658551086 0.0113713876481476 0.0112424583519428 0.0112424583519428 0.0112424583519428 0.0109857193740849 0.010730473215629 0.0106034099436769 0.0106034099436769 0.010730473215629 0.0111139022605886
