data/dem2.asc
NCOLS 117 
NROWS 117 
XLLCORNER 794599.107614635 
YLLCORNER 8931774.87460253 
CELLSIZE 30.8499999999996 
NODATA_value -9999 
[rows 0 to 17 of 117, columns 41 to 81 of 117]
-0.00665018199568639 -0.00725174438843654 -0.0077594327816323 -0.0080461319847249 -0.00809260896826353 -0.00799928179633577 -0.0077594327816323 -0.00751025364566589 -0.00725174438843654 -0.00714572825159117 -0.00719892292243911 -0.0074079695573257 -0.00761104491460401 -0.00780814899427403 -0.00785649200206524 -0.00766088074179729 -0.0074079695573257 -0.00703821929534374 -0.006706735510189 -0.00642023588917081 -0.00612440614688967 -0.00581924628334559 -0.00544073868702561 -0.0049821656706204 -0.00531158384944814 -0.00464341737052972 -0.00393793040655953 -0.00319512295753755 -0.00241499502346379 -0.00159754660433825 -0.00065524818306535 5.84233283179333e-05 0.000702479155430488 0.000984101154093635 0.000795979950134353 0.000332208025120206 -0.000567345461119252 -0.00151374913574785 -0.00257400624908268 -0.00349672439535256 -0.00443568993226911
-0.00647828222307548 -0.00709216037589271 -0.00761104491460401 -0.00785649200206524 -0.00785649200206524 -0.00766088074179729 -0.00735626770587983 -0.00698390500994424 -0.00659325527633327 -0.00642023588917081 -0.00647828222307548 -0.00665018199568639 -0.00692921751969423 -0.00709216037589271 -0.00703821929534374 -0.00681872292464265 -0.00642023588917081 -0.00600346181602359 -0.00556840070520101 -0.0051809361924686 -0.0049151624203033 -0.00464341737052972 -0.00422460365035382 -0.00386532908348466 -0.00334667008614609 -0.00379235455555928 -0.00304208300952694 -0.00217367914865657 -0.00126011750087354 -0.000390420402675503 0.00051659718057431 0.00136482202021841 0.00194709946492112 0.00214417758529283 0.00184912021201104 0.000984101154093635 -0.000122233778630995 -0.00134503458401549 -0.0024946872386985 -0.00357119174268001 -0.00457454809596004
-0.00612440614688967 -0.00681872292464265 -0.00730419264958345 -0.00751025364566589 -0.00745929820392106 -0.00725174438843654 -0.0068741568245937 -0.00636181635041562 -0.00594242984331478 -0.00569456990397434 -0.00569456990397434 -0.00588102466575544 -0.00612440614688967 -0.00624385765835368 -0.00618431850504694 -0.00588102466575544 -0.00537634787066213 -0.00478003630511755 -0.00422460365035382 -0.00371900682278337 -0.00342188384317458 -0.00319512295753755 -0.00280972405113214 -0.0024946872386985 -0.00209249411401979 -0.00273152465529951 -0.00192900443019468 -0.000916717119800536 0.000149311689068172 0.00117371517745499 0.00224327645275446 0.00294741826080038 0.00346157284063443 0.00346157284063443 0.00284570695938513 0.00175151416395148 0.000332208025120206 -0.00108916372003807 -0.00233492960337857 -0.00357119174268001 -0.00471191344024889
-0.00569456990397434 -0.00636181635041562 -0.0068741568245937 -0.00703821929534374 -0.00692921751969423 -0.00665018199568639 -0.00618431850504694 -0.00563167190701293 -0.0051809361924686 -0.00484778596513568 -0.00484778596513568 -0.00504879571608699 -0.00531158384944814 -0.00544073868702561 -0.00531158384944814 -0.0049151624203033 -0.0042953389491761 -0.00349672439535256 -0.00273152465529951 -0.00201093587453249 -0.00168097086807813 -0.00142957846230693 -0.00117482721288106 -0.000916717119800536 -0.000567345461119252 0.000149311689068172 -0.000479069534322636 0.000702479155430488 0.00194709946492112 0.00315196047818245 0.00419706385612385 0.00495084190928864 0.00516956591099038 0.00495084190928864 0.00398505754173143 0.00254281228424246 0.000889853949688735 -0.000742777700160931 -0.00225449097844283 -0.00357119174268001 -0.00471191344024889
-0.00504879571608699 -0.00575709469608522 -0.00618431850504694 -0.0063030236068099 -0.00618431850504694 -0.00575709469608522 -0.00524644662338363 -0.00471191344024889 -0.00422460365035382 -0.00393793040655953 -0.00401015852478388 -0.00415349514668103 -0.00436570104314786 -0.00457454809596004 -0.00450530561653983 -0.00401015852478388 -0.00319512295753755 -0.00225449097844283 -0.00117482721288106 -0.000212002524829681 0.000332208025120206 0.00051659718057431 0.000702479155430488 0.000889853949688735 0.00136482202021841 0.00214417758529283 0.00126908199641144 0.00254281228424246 0.00398505754173143 0.00527948771911703 0.00628557821053017 0.00685757954219448 0.00685757954219448 0.006399232067162 0.00506001730771425 0.00325479139414926 0.00126908199641144 -0.000567345461119252 -0.00209249411401979 -0.00342188384317458 -0.00471191344024889
-0.0042953389491761 -0.00504879571608699 -0.00544073868702561 -0.00544073868702561 -0.0051809361924686 -0.00478003630511755 -0.00422460365035382 -0.00364528588515695 -0.00319512295753755 -0.00296500322824586 -0.00304208300952694 -0.00319512295753755 -0.00349672439535256 -0.00364528588515695 -0.00357119174268001 -0.00304208300952694 -0.00209249411401979 -0.000829934012405993 0.000424216000422 0.00146093524887591 0.00224327645275446 0.00264340397110617 0.00284570695938513 0.00315196047818245 0.00366984710652168 0.00441056298991834 0.00550045094992188 0.00462555494311491 0.00605939011181807 0.00720525879939926 0.00802957256931192 0.0085088195159734 0.00826844963294163 0.00755629690025872 0.0059468558697378 0.003879614191811 0.00165428132074244 -0.000301398066177851 -0.00192900443019468 -0.00327108312426708 -0.00450530561653983
-0.00342188384317458 -0.00415349514668103 -0.00450530561653983 -0.00443568993226911 -0.00415349514668103 -0.00364528588515695 -0.00304208300952694 -0.00241499502346379 -0.00201093587453249 -0.00184669978100635 -0.00192900443019468 -0.00217367914865657 -0.00241499502346379 -0.00257400624908268 -0.0024946872386985 -0.00192900443019468 -0.000829934012405993 0.00051659718057431 0.00184912021201104 0.00304950276706616 0.003879614191811 0.00451787236409137 0.00495084190928864 0.0053897827320942 0.00605939011181807 0.00685757954219448 0.00779218832508429 0.00674243286616058 0.00791069384477284 0.00887217337689995 0.00960895762971703 0.00985753801946019 0.00948522724212122 0.00838844797203226 0.0066276593949772 0.00430362682059584 0.00194709946492112 -3.2091827581791e-05 -0.00168097086807813 -0.00296500322824586 -0.0042953389491761
-0.0024946872386985 -0.00319512295753755 -0.00349672439535256 -0.00342188384317458 -0.00304208300952694 -0.0024946872386985 -0.00184669978100635 -0.00117482721288106 -0.000742777700160931 -0.000567345461119252 -0.00065524818306535 -0.000829934012405993 -0.00117482721288106 -0.00126011750087354 -0.00117482721288106 -0.00065524818306535 0.00051659718057431 0.00184912021201104 0.00315196047818245 0.00441056298991834 0.00550045094992188 0.00628557821053017 0.00697309942307888 0.00767405601024625 0.0085088195159734 0.00936187005937593 0.0101076112286054 0.00875068221840725 0.00973306122216335 0.0106122361051021 0.0111228322592071 0.0111228322592071 0.0106122361051021 0.00923888608148115 0.00708899250881382 0.00473361072698897 0.00234274852506661 0.000332208025120206 -0.00134503458401549 -0.00265295205461635 -0.00537634787066213
-0.00151374913574785 -0.00225449097844283 -0.0024946872386985 -0.00241499502346379 -0.00201093587453249 -0.00134503458401549 -0.00065524818306535 -3.2091827581791e-05 0.00051659718057431 0.000795979950134353 0.000795979950134353 0.00060935156557714 0.000424216000422 0.00024057325466893 0.000332208025120206 0.000889853949688735 0.00184912021201104 0.00315196047818245 0.00451787236409137 0.00583469483250804 0.00708899250881382 0.00814882449870151 0.0091162753084369 0.0101076112286054 0.0111228322592071 0.0118999226358801 0.0126904483871717 0.0132249296517099 0.0116393996909204 0.0122935060896986 0.0126904483871717 0.0125577610831635 0.0116393996909204 0.00998238802160755 0.00779218832508429 0.00516956591099038 0.00284570695938513 0.000702479155430488 -0.00100312702234456 -0.00241499502346379 -0.00511505255670305
-0.000479069534322636 -0.00126011750087354 -0.00151374913574785 -0.00134503458401549 -0.000916717119800536 -0.000301398066177851 0.000424216000422 0.00107872156334905 0.00165428132074244 0.00214417758529283 0.00224327645275446 0.00224327645275446 0.00204545192268172 0.00194709946492112 0.00214417758529283 0.00254281228424246 0.00346157284063443 0.00473361072698897 0.0059468558697378 0.00732189829483524 0.00875068221840725 0.0102332076404538 0.0115096980257163 0.0128235088960305 0.0139014283415191 0.0147255425293574 0.0154225674859452 0.0159869051385247 0.0139014283415191 0.0143118060136109 0.0144493449806759 0.0140378476940326 0.0128235088960305 0.0108667877724536 0.0085088195159734 0.00583469483250804 0.00335799551496659 0.00117371517745499 -0.000567345461119252 -0.00349672439535256 -0.00484778596513568
0.000424216000422 -0.000301398066177851 -0.000479069534322636 -0.000301398066177851 0.00024057325466893 0.000795979950134353 0.00155742168238391 0.00224327645275446 0.00294741826080038 0.00346157284063443 0.00377454404674108 0.003879614191811 0.003879614191811 0.003879614191811 0.00398505754173143 0.00441056298991834 0.00527948771911703 0.006399232067162 0.00779218832508429 0.00923888608148115 0.0108667877724536 0.0125577610831635 0.0140378476940326 0.0155630920918143 0.0167007243133858 0.017715745761913 0.0184519572278052 0.0188981625655467 0.0190476440878282 0.0165572140687125 0.0162713131939176 0.0154225674859452 0.0137653821938563 0.0116393996909204 0.0091162753084369 0.006399232067162 0.00377454404674108 0.00175151416395148 -0.00184669978100635 -0.00327108312426708 -0.00464341737052972
0.00117371517745499 0.00060935156557714 0.000424216000422 0.000702479155430488 0.00126908199641144 0.00194709946492112 0.00264340397110617 0.00346157284063443 0.00419706385612385 0.00495084190928864 0.0053897827320942 0.0057229070001288 0.00583469483250804 0.0059468558697378 0.00628557821053017 0.0066276593949772 0.00743891099512172 0.0085088195159734 0.00985753801946019 0.0115096980257163 0.0132249296517099 0.0150032328974409 0.0167007243133858 0.0181563530268967 0.0194983278837759 0.020562985577422 0.0213346515041134 0.0216459303087435 0.0213346515041134 0.0186003191355352 0.0175696230832861 0.0162713131939176 0.0144493449806759 0.0121619384002419 0.00948522724212122 0.00674243286616058 0.00419706385612385 0.00024057325466893 -0.00159754660433825 -0.00319512295753755 -0.00457454809596004
0.00204545192268172 0.00146093524887591 0.00136482202021841 0.00175151416395148 0.00234274852506661 0.00315196047818245 0.00398505754173143 0.00484203971571355 0.0057229070001288 0.00651325912864434 0.00720525879939926 0.00767405601024625 0.00802957256931192 0.00838844797203226 0.00862956426476507 0.00923888608148115 0.00998238802160755 0.0111228322592071 0.0124254469840058 0.0140378476940326 0.0157039899025339 0.0172784973405839 0.0190476440878282 0.0207165723530593 0.0221156475520676 0.0232247166229254 0.0240281049619107 0.0240281049619107 0.0230651585696799 0.0213346515041134 0.0186003191355352 0.0169888644172838 0.0150032328974409 0.0124254469840058 0.00973306122216335 0.00697309942307888 0.00462555494311491 0.00060935156557714 -0.00134503458401549 -0.00296500322824586 -0.00443568993226911
0.00294741826080038 0.00234274852506661 0.00244259380222928 0.00284570695938513 0.0035655233711528 0.00451787236409137 0.0053897827320942 0.006399232067162 0.00732189829483524 0.00838844797203226 0.00923888608148115 0.00998238802160755 0.0104855200787022 0.0108667877724536 0.0112514143098596 0.0118999226358801 0.0128235088960305 0.0139014283415191 0.0151426378887585 0.0165572140687125 0.0181563530268967 0.0196493022254595 0.0213346515041134 0.0229059737212849 0.0243520727314585 0.025497715877667 0.0261605796107832 0.0259943038702284 0.0246775333204083 0.0227471620777404 0.0194983278837759 0.0175696230832861 0.0152824160849266 0.0125577610831635 0.00985753801946019 0.00732189829483524 0.00294741826080038 0.000984101154093635 -0.000916717119800536 -0.00273152465529951 -0.00436570104314786
0.00409087409650238 0.00366984710652168 0.00366984710652168 0.00419706385612385 0.00495084190928864 0.0059468558697378 0.00697309942307888 0.00802957256931192 0.0091162753084369 0.0103591772571527 0.0115096980257163 0.0124254469840058 0.0130907495282995 0.0137653821938563 0.0143118060136109 0.0150032328974409 0.015845260918104 0.0168446077629095 0.0178622416453904 0.0191974988149603 0.020562985577422 0.0219587019327758 0.023544952343968 0.025168523240212 0.0264942507064445 0.0275042209098406 0.0278438632831101 0.0273349595304816 0.0258284013345241 0.023705630011765 0.0204097720066353 0.0180091107337183 0.0154225674859452 0.0126904483871717 0.0101076112286054 0.00550045094992188 0.00346157284063443 0.00155742168238391 -0.000479069534322636 -0.00241499502346379 -0.00422460365035382
0.0057229070001288 0.0053897827320942 0.0053897827320942 0.00583469483250804 0.0066276593949772 0.00767405601024625 0.00875068221840725 0.00985753801946019 0.0111228322592071 0.0124254469840058 0.0137653821938563 0.0150032328974409 0.0159869051385247 0.0167007243133858 0.0174238736095098 0.0181563530268967 0.0188981625655467 0.0196493022254595 0.020562985577422 0.0216459303087435 0.0227471620777404 0.0240281049619107 0.025497715877667 0.0269975563863152 0.0281849984757817 0.0290443675423447 0.0290443675423447 0.0281849984757817 0.0264942507064445 0.0241899022442594 0.0216459303087435 0.0184519572278052 0.0157039899025339 0.0130907495282995 0.0104855200787022 0.00617229755874886 0.00419706385612385 0.00214417758529283 0.000149311689068172 -0.00201093587453249 -0.00393793040655953
0.00814882449870151 0.00767405601024625 0.00767405601024625 0.00802957256931192 0.00862956426476507 0.00948522724212122 0.0106122361051021 0.011769474560975 0.0130907495282995 0.0145872571525914 0.0159869051385247 0.0172784973405839 0.0184519572278052 0.0193477267469428 0.0199523705233783 0.0207165723530593 0.0213346515041134 0.0221156475520676 0.0229059737212849 0.023705630011765 0.0245146164235082 0.0256628720036703 0.0268294146215078 0.0281849984757817 0.0290443675423447 0.0295644674404887 0.0292173609702088 0.0280142442770206 0.0263272285561886 0.0241899022442594 0.0216459303087435 0.0187490542481156 0.0159869051385247 0.013494409513082 0.00887217337689995 0.00697309942307888 0.00495084190928864 0.00294741826080038 0.000795979950134353 -0.00142957846230693 -0.00349672439535256
0.0108667877724536 0.0107393253363526 0.0106122361051021 0.0107393253363526 0.0111228322592071 0.0118999226358801 0.0128235088960305 0.0137653821938563 0.0150032328974409 0.0164140770288898 0.017715745761913 0.0190476440878282 0.0201044644796135 0.0210248655188853 0.0218021295183344 0.022430658405203 0.0229059737212849 0.023544952343968 0.0241899022442594 0.0250044867287602 0.0256628720036703 0.0266616460615508 0.0275042209098406 0.0281849984757817 0.0286995003011679 0.0285276264878553 0.0280142442770206 0.0269975563863152 0.025497715877667 0.023705630011765 0.0213346515041134 0.0188981625655467 0.0162713131939176 0.0116393996909204 0.00948522724212122 0.00755629690025872 0.00561149237260008 0.0035655233711528 0.00146093524887591 -0.000742777700160931 -0.00280972405113214
