data/dem2.asc
NCOLS 117 
NROWS 117 
XLLCORNER 794599.107614635 
YLLCORNER 8931774.87460253 
CELLSIZE 30.8499999999996 
NODATA_value -9999 
[rows 18 to 35 of 117, columns 0 to 40 of 117]
0.00117371517745499 0.00165428132074244 0.00204545192268172 0.00254281228424246 0.00315196047818245 0.003879614191811 0.00473361072698897 0.00550045094992188 0.00605939011181807 0.006399232067162 0.006399232067162 0.00617229755874886 0.00605939011181807 0.0057229070001288 0.0053897827320942 0.0053897827320942 0.00550045094992188 0.00583469483250804 0.00628557821053017 0.00674243286616058 0.00720525879939926 0.00767405601024625 0.00802957256931192 0.00838844797203226 0.00875068221840725 0.0091162753084369 0.00960895762971703 0.0101076112286054 0.0109946234134051 0.0121619384002419 0.0133594829799707 0.0144493449806759 0.0152824160849266 0.015845260918104 0.0161289225637959 0.0162713131939176 0.0161289225637959 0.015845260918104 0.0152824160849266 0.0147255425293574 0.0143118060136109
0.00051659718057431 0.000984101154093635 0.00126908199641144 0.00175151416395148 0.00224327645275446 0.00284570695938513 0.0035655233711528 0.00419706385612385 0.00462555494311491 0.00484203971571355 0.00495084190928864 0.00462555494311491 0.00441056298991834 0.00398505754173143 0.0035655233711528 0.0035655233711528 0.00398505754173143 0.00451787236409137 0.00516956591099038 0.00583469483250804 0.0066276593949772 0.00732189829483524 0.00791069384477284 0.00862956426476507 0.00923888608148115 0.00998238802160755 0.0108667877724536 0.0118999226358801 0.0129569426097398 0.0141746402513965 0.0154225674859452 0.0165572140687125 0.0171334942765086 0.017715745761913 0.0180091107337183 0.0183039685249257 0.0183039685249257 0.0181563530268967 0.0180091107337183 0.0175696230832861 0.0172784973405839
-0.000122233778630995 0.000332208025120206 0.000702479155430488 0.00107872156334905 0.00146093524887591 0.00194709946492112 0.00244259380222928 0.00284570695938513 0.00315196047818245 0.00346157284063443 0.00346157284063443 0.00325479139414926 0.00284570695938513 0.00234274852506661 0.00194709946492112 0.00194709946492112 0.00254281228424246 0.00325479139414926 0.00409087409650238 0.00506001730771425 0.00605939011181807 0.00708899250881382 0.00791069384477284 0.00887217337689995 0.00973306122216335 0.0108667877724536 0.0121619384002419 0.0133594829799707 0.0145872571525914 0.0159869051385247 0.0171334942765086 0.0178622416453904 0.0184519572278052 0.0188981625655467 0.0193477267469428 0.0196493022254595 0.0198006497719937 0.0199523705233783 0.0199523705233783 0.0199523705233783 0.0196493022254595
-0.000742777700160931 -0.000301398066177851 5.84233283179333e-05 0.000424216000422 0.000702479155430488 0.000984101154093635 0.00126908199641144 0.00155742168238391 0.00175151416395148 0.00194709946492112 0.00194709946492112 0.00175151416395148 0.00136482202021841 0.000889853949688735 0.000702479155430488 0.000702479155430488 0.00126908199641144 0.00214417758529283 0.00315196047818245 0.00430362682059584 0.00561149237260008 0.00674243286616058 0.00791069384477284 0.00899403774024317 0.0102332076404538 0.0115096980257163 0.0129569426097398 0.0144493449806759 0.0157039899025339 0.0169888644172838 0.0180091107337183 0.0186003191355352 0.0190476440878282 0.0193477267469428 0.0198006497719937 0.0202569316406991 0.020562985577422 0.0210248655188853 0.0211795719090741 0.0213346515041134 0.0214901043040032
-0.00142957846230693 -0.00100312702234456 -0.00065524818306535 -0.000479069534322636 -0.000212002524829681 -3.2091827581791e-05 5.84233283179333e-05 0.00024057325466893 0.000424216000422 0.000424216000422 0.000332208025120206 0.000149311689068172 -0.000212002524829681 -0.000479069534322636 -0.000567345461119252 -0.000479069534322636 0.000149311689068172 0.00107872156334905 0.00234274852506661 0.00377454404674108 0.00516956591099038 0.00651325912864434 0.00791069384477284 0.0091162753084369 0.0104855200787022 0.0118999226358801 0.0133594829799707 0.0147255425293574 0.0161289225637959 0.0171334942765086 0.0180091107337183 0.0184519572278052 0.0188981625655467 0.0191974988149603 0.0194983278837759 0.0199523705233783 0.020562985577422 0.0211795719090741 0.0216459303087435 0.0221156475520676 0.0222729663762101
-0.00241499502346379 -0.00201093587453249 -0.00159754660433825 -0.00134503458401549 -0.00117482721288106 -0.00108916372003807 -0.00108916372003807 -0.00100312702234456 -0.000916717119800536 -0.000916717119800536 -0.00108916372003807 -0.00134503458401549 -0.00159754660433825 -0.00184669978100635 -0.00192900443019468 -0.00168097086807813 -0.00100312702234456 0.000149311689068172 0.00146093524887591 0.00304950276706616 0.00462555494311491 0.00617229755874886 0.00767405601024625 0.0091162753084369 0.0104855200787022 0.011769474560975 0.0130907495282995 0.0144493449806759 0.0155630920918143 0.0164140770288898 0.0171334942765086 0.0175696230832861 0.0180091107337183 0.0184519572278052 0.0187490542481156 0.0193477267469428 0.0199523705233783 0.020562985577422 0.0213346515041134 0.0218021295183344 0.0221156475520676
-0.00349672439535256 -0.00296500322824586 -0.00257400624908268 -0.00225449097844283 -0.00209249411401979 -0.00201093587453249 -0.00201093587453249 -0.00201093587453249 -0.00209249411401979 -0.00209249411401979 -0.00233492960337857 -0.00257400624908268 -0.00288755024211426 -0.00311878958595751 -0.00311878958595751 -0.00280972405113214 -0.00209249411401979 -0.000916717119800536 0.00051659718057431 0.00214417758529283 0.003879614191811 0.00561149237260008 0.00732189829483524 0.00887217337689995 0.0102332076404538 0.0115096980257163 0.0126904483871717 0.0136297092510439 0.0144493449806759 0.0151426378887585 0.0157039899025339 0.0161289225637959 0.0167007243133858 0.0171334942765086 0.017715745761913 0.0181563530268967 0.0187490542481156 0.0193477267469428 0.0199523705233783 0.020562985577422 0.020870532333547
-0.00443568993226911 -0.00393793040655953 -0.00349672439535256 -0.00319512295753755 -0.00296500322824586 -0.00280972405113214 -0.00280972405113214 -0.00288755024211426 -0.00304208300952694 -0.00319512295753755 -0.00342188384317458 -0.00379235455555928 -0.00408201343815771 -0.00422460365035382 -0.00415349514668103 -0.00386532908348466 -0.00319512295753755 -0.00201093587453249 -0.000479069534322636 0.00126908199641144 0.00304950276706616 0.00495084190928864 0.00674243286616058 0.0085088195159734 0.00998238802160755 0.0111228322592071 0.0120307439156357 0.0126904483871717 0.0132249296517099 0.0136297092510439 0.0140378476940326 0.0144493449806759 0.0148642011109739 0.0155630920918143 0.0161289225637959 0.0167007243133858 0.0171334942765086 0.0175696230832861 0.0180091107337183 0.0184519572278052 0.0186003191355352
-0.00537634787066213 -0.00484778596513568 -0.00443568993226911 -0.00408201343815771 -0.00379235455555928 -0.00364528588515695 -0.00364528588515695 -0.00371900682278337 -0.00386532908348466 -0.00408201343815771 -0.00436570104314786 -0.00471191344024889 -0.00504879571608699 -0.00524644662338363 -0.0051809361924686 -0.00478003630511755 -0.00408201343815771 -0.00288755024211426 -0.00126011750087354 0.000424216000422 0.00224327645275446 0.00419706385612385 0.00605939011181807 0.00779218832508429 0.00948522724212122 0.0106122361051021 0.0113803695653627 0.011769474560975 0.0118999226358801 0.0120307439156357 0.0121619384002419 0.0124254469840058 0.0129569426097398 0.0136297092510439 0.0143118060136109 0.0147255425293574 0.0151426378887585 0.0154225674859452 0.0157039899025339 0.0159869051385247 0.0161289225637959
-0.00612440614688967 -0.00569456990397434 -0.00531158384944814 -0.0049821656706204 -0.00471191344024889 -0.00457454809596004 -0.00457454809596004 -0.00464341737052972 -0.00478003630511755 -0.0049821656706204 -0.0051809361924686 -0.00544073868702561 -0.00575709469608522 -0.00600346181602359 -0.00594242984331478 -0.00550475629853857 -0.00464341737052972 -0.00342188384317458 -0.00184669978100635 -0.000122233778630995 0.00155742168238391 0.00335799551496659 0.00516956591099038 0.00708899250881382 0.00875068221840725 0.00998238802160755 0.0106122361051021 0.0107393253363526 0.0106122361051021 0.0103591772571527 0.0101076112286054 0.0102332076404538 0.0107393253363526 0.0113803695653627 0.0121619384002419 0.0126904483871717 0.0129569426097398 0.0132249296517099 0.0133594829799707 0.013494409513082 0.0136297092510439
-0.006706735510189 -0.00636181635041562 -0.00606412058388189 -0.00581924628334559 -0.00569456990397434 -0.00556840070520101 -0.00556840070520101 -0.00563167190701293 -0.00575709469608522 -0.00581924628334559 -0.00594242984331478 -0.00618431850504694 -0.00642023588917081 -0.00665018199568639 -0.00653595535212964 -0.00600346181602359 -0.00504879571608699 -0.00379235455555928 -0.00217367914865657 -0.000479069534322636 0.00117371517745499 0.00274436886282039 0.00451787236409137 0.00628557821053017 0.00791069384477284 0.0091162753084369 0.00973306122216335 0.00973306122216335 0.00936187005937593 0.00887217337689995 0.00838844797203226 0.00826844963294163 0.00862956426476507 0.00936187005937593 0.0101076112286054 0.0107393253363526 0.0109946234134051 0.0112514143098596 0.0112514143098596 0.0113803695653627 0.0115096980257163
-0.00730419264958345 -0.00703821929534374 -0.00681872292464265 -0.006706735510189 -0.00659325527633327 -0.00659325527633327 -0.00665018199568639 -0.006706735510189 -0.00676291581984108 -0.00681872292464265 -0.00698390500994424 -0.00709216037589271 -0.00714572825159117 -0.00719892292243911 -0.00698390500994424 -0.00636181635041562 -0.00537634787066213 -0.00415349514668103 -0.00257400624908268 -0.000829934012405993 0.000795979950134353 0.00224327645275446 0.003879614191811 0.00550045094992188 0.00708899250881382 0.00814882449870151 0.00862956426476507 0.0085088195159734 0.00802957256931192 0.00743891099512172 0.00685757954219448 0.00674243286616058 0.00697309942307888 0.00755629690025872 0.00838844797203226 0.00899403774024317 0.00936187005937593 0.00948522724212122 0.00948522724212122 0.00948522724212122 0.00960895762971703
-0.00795205840309611 -0.00771034336414006 -0.00756083588256021 -0.0074079695573257 -0.0074079695573257 -0.00745929820392106 -0.00751025364566589 -0.00771034336414006 -0.00785649200206524 -0.00799928179633577 -0.00813871274695163 -0.00809260896826353 -0.00785649200206524 -0.00766088074179729 -0.00730419264958345 -0.00665018199568639 -0.00563167190701293 -0.00443568993226911 -0.00288755024211426 -0.00126011750087354 0.000332208025120206 0.00175151416395148 0.00325479139414926 0.00473361072698897 0.00605939011181807 0.00697309942307888 0.00732189829483524 0.00708899250881382 0.0066276593949772 0.00605939011181807 0.00550045094992188 0.0053897827320942 0.0057229070001288 0.00628557821053017 0.00697309942307888 0.00767405601024625 0.00802957256931192 0.00802957256931192 0.00791069384477284 0.00779218832508429 0.00791069384477284
-0.00853685253687126 -0.00836363356763438 -0.00818444332078921 -0.00809260896826353 -0.0080461319847249 -0.00809260896826353 -0.00827478485391283 -0.00849410760183782 -0.00870410022849986 -0.00890476273389895 -0.00902068177893219 -0.00890476273389895 -0.0086212227923866 -0.00827478485391283 -0.0077594327816323 -0.00698390500994424 -0.00600346181602359 -0.00478003630511755 -0.00334667008614609 -0.0017640219269675 -0.000122233778630995 0.00126908199641144 0.00274436886282039 0.00409087409650238 0.00516956591099038 0.0057229070001288 0.0059468558697378 0.0057229070001288 0.00527948771911703 0.00473361072698897 0.00430362682059584 0.00430362682059584 0.00462555494311491 0.00516956591099038 0.00583469483250804 0.006399232067162 0.00674243286616058 0.0066276593949772 0.006399232067162 0.00628557821053017 0.00617229755874886
-0.00902068177893219 -0.00882561734629087 -0.00870410022849986 -0.0086212227923866 -0.00866284811286848 -0.00882561734629087 -0.00905857505090891 -0.0092780973809083 -0.00945076952251856 -0.00954989434927851 -0.00961411154286588 -0.00951722594520904 -0.0092424433380347 -0.00882561734629087 -0.00822980068977628 -0.00745929820392106 -0.00642023588917081 -0.0051809361924686 -0.00379235455555928 -0.00225449097844283 -0.00065524818306535 0.000889853949688735 0.00234274852506661 0.00346157284063443 0.00419706385612385 0.00462555494311491 0.00462555494311491 0.00430362682059584 0.003879614191811 0.00335799551496659 0.00304950276706616 0.00294741826080038 0.00325479139414926 0.003879614191811 0.00451787236409137 0.00516956591099038 0.00550045094992188 0.0053897827320942 0.00506001730771425 0.00473361072698897 0.00441056298991834
-0.00948418433628906 -0.0092780973809083 -0.00920641609031058 -0.0092424433380347 -0.00941698150389755 -0.00961411154286588 -0.00982711576763037 -0.0100218329547195 -0.0100996851049999 -0.010124889412059 -0.0100741075930903 -0.0099406219607844 -0.00967683591705118 -0.0092424433380347 -0.00870410022849986 -0.00795205840309611 -0.00692921751969423 -0.00569456990397434 -0.0042953389491761 -0.00273152465529951 -0.00108916372003807 0.000424216000422 0.00175151416395148 0.00264340397110617 0.00315196047818245 0.00346157284063443 0.00335799551496659 0.00294741826080038 0.00244259380222928 0.00194709946492112 0.00155742168238391 0.00155742168238391 0.00184912021201104 0.00244259380222928 0.00315196047818245 0.00377454404674108 0.00419706385612385 0.00419706385612385 0.00377454404674108 0.00335799551496659 0.00294741826080038
-0.00999513582825831 -0.00985605212319465 -0.00982711576763037 -0.00991280521977167 -0.0100741075930903 -0.0102453128745968 -0.010377505269575 -0.0104774024653343 -0.0105328623245837 -0.0105147489096844 -0.0104185837624303 -0.0102219745917903 -0.00996806549694661 -0.00961411154286588 -0.0090960951180351 -0.00836363356763438 -0.00735626770587983 -0.00612440614688967 -0.00471191344024889 -0.00319512295753755 -0.00168097086807813 -0.000301398066177851 0.000889853949688735 0.00155742168238391 0.00194709946492112 0.00214417758529283 0.00194709946492112 0.00155742168238391 0.00107872156334905 0.00051659718057431 0.000149311689068172 5.84233283179333e-05 0.000332208025120206 0.00107872156334905 0.00184912021201104 0.00244259380222928 0.00284570695938513 0.00284570695938513 0.00244259380222928 0.00204545192268172 0.00155742168238391
-0.0105147489096844 -0.0104185837624303 -0.0103982311184279 -0.0104385632015821 -0.0105506025346324 -0.010649206493064 -0.0107074783683414 -0.010734375076877 -0.010747263623869 -0.010734375076877 -0.0106337055121184 -0.0104385632015821 -0.0101741784116257 -0.00979780620721556 -0.00931337821893139 -0.0086212227923866 -0.00771034336414006 -0.00653595535212964 -0.0051809361924686 -0.00371900682278337 -0.00233492960337857 -0.00108916372003807 -0.000122233778630995 0.000424216000422 0.000702479155430488 0.000795979950134353 0.00060935156557714 0.00024057325466893 -0.000301398066177851 -0.000829934012405993 -0.00117482721288106 -0.00126011750087354 -0.00100312702234456 -0.000301398066177851 0.000424216000422 0.00117371517745499 0.00155742168238391 0.00155742168238391 0.00117371517745499 0.000795979950134353 0.000332208025120206
