data/ndvi.asc
NCOLS 117 
NROWS 117 
XLLCORNER 794599.107614635 
YLLCORNER 8931774.87460253 
CELLSIZE 30.8499999999996 
NODATA_value -9999 
[rows 76 to 94 of 117, columns 43 to 85 of 117]
-0.260610666886459 -0.277782580280176 -0.250216019761588 -0.161717709584316 -0.166999323147438 -0.211316088477737 -0.243685515876186 -0.254413515907267 -0.25276129137056 -0.230590258567883 -0.242279596833658 -0.228782321703783 -0.233292762016681 -0.240049784886762 -0.248770032818778 -0.258935175053631 -0.273366060905136 -0.284971846939505 -0.27571884787286 -0.275810350953881 -0.295169695638336 -0.309046488229823 -0.290871491336361 -0.29069409687177 -0.300781860656475 -0.309084730370283 -0.305183567280135 -0.30959406505761 -0.304122938631322 -0.294371129459548 -0.295831129782869 -0.294749397985875 -0.298235994514586 -0.305106595752106 -0.298896302528628 -0.315202486485283 -0.303979697812324 -0.32402757339173 -0.339834143275782 -0.336919050287326 -0.325020547233738 -0.329368623313717 -0.342455824944578
-0.284797425716098 -0.288484823296442 -0.288673311499277 -0.23786131686353 -0.151567293529646 -0.228175897314724 -0.231723298260966 -0.258800983984274 -0.269705509287232 -0.250013162937132 -0.255587928590713 -0.23299410323902 -0.242614753762958 -0.26710588424809 -0.275650799182537 -0.271904636902609 -0.271998400381267 -0.292056637220837 -0.293211645150013 -0.279418105687235 -0.27869278942913 -0.295452221870875 -0.30038361667467 -0.298759703700256 -0.303675831275963 -0.311400301542552 -0.302155561515246 -0.316049740788003 -0.297112303627333 -0.286808541387973 -0.288299448034499 -0.306784481224417 -0.296880136884313 -0.309344621669157 -0.300641275044019 -0.305860708345344 -0.293729797869173 -0.327156724324346 -0.336492124258796 -0.347422682911724 -0.332855070232391 -0.316235450393102 -0.335401346401439
-0.298632630744602 -0.276245150495545 -0.272973037622302 -0.263485845580108 -0.202267419519847 -0.232836306279424 -0.267544726936358 -0.270849780374861 -0.277668931692901 -0.276297221933737 -0.27537164283925 -0.24812806359468 -0.250879998577564 -0.267858297501188 -0.280349267633817 -0.276541852243956 -0.298558886044274 -0.294419618783582 -0.293548465251018 -0.279434024710693 -0.279634147755927 -0.301910031334641 -0.300979023017259 -0.30225389098882 -0.306576196284637 -0.308550477584585 -0.304288050791815 -0.314253863065421 -0.303656967588908 -0.302506868487384 -0.319786518820183 -0.320128999810947 -0.303908104020783 -0.315064037096231 -0.316114830928416 -0.326883749605621 -0.313328564023248 -0.327594265958864 -0.317793471781057 -0.354532228596773 -0.340134139344447 -0.321558414535893 -0.342950531722656
-0.297667495996331 -0.285181842032922 -0.277543170216497 -0.268313327577514 -0.248297538794806 -0.249237664531677 -0.295765713080321 -0.288872258667888 -0.2850792541406 -0.295952336261407 -0.290532572954232 -0.255063764756077 -0.243894915472485 -0.258822635488483 -0.285533043800039 -0.280093428743032 -0.292878263527967 -0.29588534069064 -0.300725084929421 -0.296664380602925 -0.294849102411454 -0.305042357874371 -0.302659521083627 -0.303767394995185 -0.311176145448714 -0.310158780502184 -0.310617667346325 -0.309126287150614 -0.307942312120393 -0.320012295996494 -0.331148443609787 -0.332904107217402 -0.313070860691727 -0.314646496127205 -0.338252158826249 -0.330971710203645 -0.3153666190603 -0.325871675079528 -0.341497536753522 -0.348045109043993 -0.338811401086554 -0.322107751215649 -0.335564922854971
-0.291548190510426 -0.292551234854342 -0.281648923042234 -0.281127012718412 -0.276680335916912 -0.267725947991526 -0.281597246680291 -0.286551642791619 -0.293347735022974 -0.302053200981727 -0.299759656323935 -0.275592799780902 -0.258912720845177 -0.269481282151059 -0.276468243848928 -0.282467415417841 -0.293322702748071 -0.297518390030882 -0.309629934188945 -0.310577760347992 -0.305674421343217 -0.307446710122737 -0.312222818883891 -0.320435988378104 -0.31986525465636 -0.315617676553918 -0.313672332041097 -0.319368497380451 -0.311676017761353 -0.322833794203487 -0.331937852233978 -0.327113606019597 -0.325866551402765 -0.336483715446013 -0.344783686690467 -0.345592136149156 -0.343463030205985 -0.359466956463511 -0.342935755043097 -0.340594066864871 -0.319835530245277 -0.334053128252667 -0.335025193124017
-0.289826913392325 -0.288413015268363 -0.280531681128772 -0.279839239670917 -0.275479339601168 -0.280902925473667 -0.277279274922998 -0.29106791391642 -0.303893422482673 -0.307717252160131 -0.306924042689267 -0.281514629655394 -0.282174511149068 -0.291991899512979 -0.287100839805035 -0.300410711318122 -0.305246170729927 -0.300758211761275 -0.311631898912747 -0.304377335894317 -0.305557612778704 -0.320685936788874 -0.325114845137146 -0.318644444620486 -0.317538556861895 -0.318410895205361 -0.319103867796743 -0.316024450544822 -0.318229454846292 -0.325666621955126 -0.327979334380271 -0.326396588007613 -0.338458942655686 -0.347112448195863 -0.353255902736807 -0.352548297241468 -0.356009688688692 -0.356033327656257 -0.355166571240333 -0.334681202809489 -0.310102146453979 -0.345382301783377 -0.363077943906811
-0.286299032850577 -0.293071109423047 -0.280975271758956 -0.278031401548019 -0.274957952232338 -0.281159339514029 -0.292607824963639 -0.30033840660076 -0.302537389311391 -0.298899932687525 -0.292760817515091 -0.29568991468187 -0.29433998816064 -0.295840111133558 -0.303714409003128 -0.310073578554031 -0.305298631554758 -0.305931542755518 -0.31613191428094 -0.312330208809681 -0.308253522059283 -0.317038385999419 -0.32041133567933 -0.323372162693341 -0.324608860868213 -0.318149788031934 -0.323439177119854 -0.322596873121247 -0.324326571736682 -0.32199024670197 -0.320951685708505 -0.327951696833055 -0.341310187331285 -0.348997084182506 -0.350513612992558 -0.361591164355215 -0.36167925391963 -0.362523371878353 -0.360624878299028 -0.347154020373765 -0.33092423918818 -0.361716829095126 -0.360771044546774
-0.298142508652111 -0.304089831018355 -0.281446150916768 -0.277388340463533 -0.28003249854078 -0.285139075847328 -0.294184115709027 -0.295880669583134 -0.30491848994385 -0.31589580641513 -0.295610346581542 -0.305200545785163 -0.296624587472007 -0.295228114727169 -0.297439073896935 -0.305166407453281 -0.311332431079916 -0.316626361894872 -0.319709928593894 -0.316117163140748 -0.310337395863452 -0.312101897003456 -0.321010530961877 -0.322997095395274 -0.321068701999959 -0.320610251538576 -0.324799306306707 -0.325483792903949 -0.331125622694614 -0.325938991922689 -0.324877825594208 -0.330378049643591 -0.338089587049093 -0.343316453847854 -0.349064042725126 -0.3516476235983 -0.358717140824358 -0.364965773274942 -0.365442948213489 -0.36069661737263 -0.356042328972887 -0.3597059967873 -0.353211875698268
-0.30696986788877 -0.316705629575722 -0.302299060046271 -0.291510150935011 -0.288049882446823 -0.28571429848671 -0.286257003423928 -0.294228283722719 -0.301636060679331 -0.313826816164498 -0.300795985353901 -0.309307446640435 -0.301479131079223 -0.299684564040444 -0.299507634779844 -0.309990705933487 -0.311053508687731 -0.310512577502573 -0.318017143707686 -0.313905763355029 -0.310307486690344 -0.321296722647827 -0.332248169677106 -0.332961246767522 -0.330425070630246 -0.323343756334482 -0.325830356386904 -0.327738193592446 -0.323754050237757 -0.331013954013346 -0.329759691191562 -0.327556250704106 -0.33282840581535 -0.342936654212384 -0.354673845220868 -0.354168045397042 -0.352705516656677 -0.356613812160346 -0.36346597908873 -0.356633749260951 -0.353967851179847 -0.35849325895449 -0.356419857744981
-0.303564604442705 -0.311088804630961 -0.302216595912386 -0.294106465080296 -0.298069943486505 -0.288543260670331 -0.292567157351905 -0.298594962621108 -0.303200415838916 -0.317091372043767 -0.309285357706732 -0.309690751736045 -0.301350738660321 -0.305066065692932 -0.305031073858296 -0.306572068115983 -0.311215428832987 -0.313774397455923 -0.319822949710356 -0.312176507300579 -0.311877143355169 -0.315117894727718 -0.320412788485859 -0.327170110640451 -0.338420268786095 -0.336129204330314 -0.335640468712893 -0.335436785785743 -0.339617398519094 -0.339088234565309 -0.328131076743567 -0.335995543950096 -0.339742129610978 -0.346217945141933 -0.351149494212487 -0.355369696780502 -0.35272282407616 -0.359840067485403 -0.362431847332498 -0.353996091433488 -0.360305891806665 -0.360598276876453 -0.358432378562844
-0.324323655177002 -0.301579215305309 -0.303423966412636 -0.303763234916817 -0.303905785301433 -0.30305356596097 -0.312568192110377 -0.292712485013497 -0.305959332464284 -0.317785416962168 -0.326384783778328 -0.316401446367673 -0.298466293638222 -0.314821158084213 -0.320911125171886 -0.321299445862445 -0.315315878574232 -0.316779788698685 -0.317252118093004 -0.314014156706064 -0.316621116673835 -0.321896243556834 -0.327546421923489 -0.333031034791654 -0.338294792833011 -0.334353772780013 -0.338719002266408 -0.336823477589372 -0.346868757722626 -0.343383276604025 -0.330933738542285 -0.336258695498348 -0.344772966344578 -0.346241395417084 -0.357913894673409 -0.363091815981119 -0.358445743394457 -0.361880531743663 -0.360938521094693 -0.365464803380198 -0.361709987481472 -0.363980209300707 -0.357197800469052
-0.320533261794954 -0.315666179561876 -0.311911772395912 -0.309302269775636 -0.311356998423496 -0.315428554177396 -0.31898022678569 -0.30711929467634 -0.320299081818868 -0.330960534684994 -0.328795741101971 -0.327102628071985 -0.298528525540054 -0.313185821487451 -0.319037866642136 -0.315772446511031 -0.32156452621515 -0.322665995076965 -0.322653560921472 -0.316539107628685 -0.317024060882253 -0.325775016105199 -0.33243176122373 -0.336089985602836 -0.330137391683936 -0.32935214589498 -0.335531896053471 -0.336119811732858 -0.342859616150279 -0.348092706572109 -0.344795532912907 -0.331448495976234 -0.339845899871423 -0.345123037919564 -0.361615226059664 -0.361297580320472 -0.370905595372468 -0.362768981031819 -0.366409135850447 -0.364549674170686 -0.360387117967028 -0.356606799689685 -0.36253455409572
-0.327927020276908 -0.32785695477914 -0.319698326478892 -0.312930670897948 -0.319975944510757 -0.311897589645629 -0.320487714706384 -0.306857115711309 -0.326825074471659 -0.327840088629151 -0.328923238283531 -0.324426648069451 -0.311570275005199 -0.308184625281063 -0.31142018223496 -0.313618138405964 -0.31384431138055 -0.316239310930907 -0.3228509413704 -0.317612826310333 -0.315366343976134 -0.329316234661178 -0.33390499970062 -0.330356831145366 -0.331717691219223 -0.333231555956478 -0.338521966787089 -0.341704233306624 -0.34914384733918 -0.356399566027921 -0.360888917206021 -0.349368994081608 -0.348714599990772 -0.349904450328393 -0.354511049701007 -0.364994086221856 -0.367523992054069 -0.36322383987609 -0.364593670264734 -0.359738164889092 -0.367062228469519 -0.358652287728701 -0.361430895361888
-0.333221286065927 -0.338459458510976 -0.316692721368651 -0.312196620179418 -0.324931276632931 -0.318108375027665 -0.315905063851234 -0.31056431983885 -0.317605419466397 -0.326805605626005 -0.332298996679934 -0.32378824560286 -0.311676703442546 -0.315273631706537 -0.307350813042997 -0.311409724392631 -0.302892486377489 -0.306340567311501 -0.319009560812069 -0.322875985174109 -0.320990996613279 -0.32614765054536 -0.334187749941996 -0.330060158653746 -0.334215480461087 -0.344812879400039 -0.3487794424532 -0.34914035132286 -0.352865011059442 -0.355347157815368 -0.366544026586191 -0.354805699491939 -0.348884182381204 -0.350619687872205 -0.360840659831284 -0.367631735287887 -0.362793997710699 -0.361517632014084 -0.362742397950568 -0.360345598072969 -0.369890249826219 -0.366011230560815 -0.365028800326641
-0.327183905233769 -0.340020240947171 -0.325185766592774 -0.313793354005959 -0.326058717287097 -0.321864297788815 -0.316999407344889 -0.317691457342211 -0.325080459459053 -0.327417872591069 -0.331921089483874 -0.321786298042785 -0.310629505763865 -0.320167688837467 -0.319740053813265 -0.314443617131376 -0.305746024515722 -0.316605794359314 -0.328437266410324 -0.330039614805277 -0.32518628648178 -0.325480668825526 -0.335144170544234 -0.331003678716157 -0.33089862697813 -0.344956833576231 -0.352639386732451 -0.355448183314604 -0.35982612900086 -0.356780358913342 -0.364046470827873 -0.358612744831028 -0.348787567681205 -0.355208127626484 -0.362265077181521 -0.363684031163546 -0.363443569507676 -0.364717990057383 -0.362126931750457 -0.36024923070146 -0.363744564192202 -0.363794523186303 -0.362504919606909
-0.329347410750289 -0.341235541949417 -0.330654667141168 -0.317738387255676 -0.319088626328834 -0.328131530826357 -0.321588815733329 -0.321815189520952 -0.32765527122685 -0.33775929061233 -0.33555226796958 -0.325057625219961 -0.325777607115262 -0.319502052109672 -0.321310123034441 -0.323002431772999 -0.326051773926869 -0.33131053692675 -0.331167299174684 -0.325068948456218 -0.321647731609771 -0.325279010590202 -0.326874677572906 -0.328926572611016 -0.333551359016562 -0.346052506698786 -0.356708446159918 -0.357798633834441 -0.360804423736369 -0.360011530809515 -0.360918601836722 -0.362568210328791 -0.36296276440553 -0.363305915562192 -0.360298848853597 -0.363287295364601 -0.363701558251084 -0.36574497085125 -0.355235566958158 -0.359805995196722 -0.36413228211735 -0.361408022509683 -0.360212323310087
-0.330253773645324 -0.342530432984261 -0.338259494827389 -0.316466667046576 -0.314150383724497 -0.328053955282617 -0.317295058367075 -0.321307435322737 -0.325552802292936 -0.340129377308956 -0.341951370123358 -0.330633799195074 -0.330808166953179 -0.321924190125737 -0.316306230558324 -0.327392061709169 -0.338826451851571 -0.336840983127594 -0.328561083672398 -0.32382937405759 -0.318821356198992 -0.326638338068616 -0.325883765153348 -0.335789758739474 -0.351623774144682 -0.354834600922027 -0.358270538475606 -0.359574776229453 -0.357792764389851 -0.364213521340092 -0.363263344135939 -0.362975965294461 -0.368060605501115 -0.364087351269558 -0.366499657429955 -0.367776929176324 -0.360462063509464 -0.361798118199391 -0.362826628854152 -0.359454267374372 -0.364449374960502 -0.365442108430237 -0.361653439259622
-0.336153959818384 -0.352082080662603 -0.339667913200093 -0.313652042693852 -0.31241544984105 -0.311097153626276 -0.315540392394875 -0.322396683921859 -0.323506033570791 -0.334585116339349 -0.340017769947795 -0.333412671703362 -0.332959427698473 -0.326513339121714 -0.319106864699258 -0.330471650250375 -0.337563020662751 -0.335990477135495 -0.332091962239947 -0.330788303156834 -0.32557842774954 -0.328850581256838 -0.331594370939818 -0.348040600810057 -0.359032574871008 -0.35472525899875 -0.355880288054848 -0.362459841120372 -0.358563499967568 -0.361930773811408 -0.365118103870132 -0.36504148950307 -0.364932557292099 -0.361992804991834 -0.366743842278107 -0.364241212165952 -0.359226733798898 -0.359483694244474 -0.368074114769435 -0.363413285192633 -0.365719320119119 -0.367404365596753 -0.364976555051783
-0.339088965777427 -0.348201770556609 -0.334040452681067 -0.325254860554253 -0.31484797990685 -0.301610604207392 -0.313775411563291 -0.32256913158512 -0.325347940711679 -0.331585535322451 -0.333627746659421 -0.333802090751221 -0.336743690441482 -0.336647110705603 -0.328180785778832 -0.334151526988088 -0.336645018156555 -0.335420669821749 -0.332106126479686 -0.332288846899792 -0.332774418903209 -0.337819348702882 -0.3466432330706 -0.355304865523738 -0.359068565956723 -0.356981270741788 -0.358405326700253 -0.361371392870277 -0.357881095513917 -0.363481422880483 -0.363982076328429 -0.366134636378535 -0.361652336479079 -0.359166430557309 -0.362464127183083 -0.355225663204363 -0.362615142087985 -0.36099419959085 -0.36545546011972 -0.363641726990797 -0.366041830112242 -0.364493006561657 -0.362041448411823
