data/ndvi.asc
NCOLS 117 
NROWS 117 
XLLCORNER 794599.107614635 
YLLCORNER 8931774.87460253 
CELLSIZE 30.8499999999996 
NODATA_value -9999 
[rows 38 to 56 of 117, columns 0 to 42 of 117]
0.0974277657431395 0.0339534633342122 -0.00161702941538499 0.0459805854213154 0.0929874787861685 0.114308144649576 0.126519791701993 0.132402443582111 0.154389052414658 0.16210190119963 0.14871494137429 0.0901580563000353 0.0261202322316661 -0.0844389777246317 -0.204512819513494 -0.213095825897873 -0.236870649872366 -0.289553658164205 -0.304133967639846 -0.319723592033387 -0.326758464389096 -0.319653895318692 -0.305652779114213 -0.314654215284625 -0.315406887940484 -0.30889650490542 -0.306998916139994 -0.300689105622029 -0.291342214331306 -0.292130756836704 -0.294725269469457 -0.290976368439159 -0.304872167100155 -0.314322185332394 -0.322537752263868 -0.326831790398223 -0.312152516054819 -0.322477169139431 -0.327561832611257 -0.319925228948682 -0.313513883304925 -0.299468465515728 -0.299760834444698
0.150709125064495 0.0789944461728358 0.0150814783849785 0.0542429430268653 0.138847774536552 0.15570767934198 0.158510806090856 0.164071923978986 0.163965248195773 0.136089874435004 0.109272171823272 0.0703781699083802 0.0342900275204947 -0.0478439058605091 -0.168980611216907 -0.193693858684215 -0.243080597535301 -0.277246216447966 -0.297295864780808 -0.306748579379798 -0.324097860999556 -0.328736709285542 -0.303047496677681 -0.312196060631624 -0.316106310352712 -0.306667717851084 -0.29368806261174 -0.283001788813058 -0.286059660059756 -0.282463851247965 -0.280873274553312 -0.275271537967959 -0.285124153424965 -0.314254842333161 -0.322915682995783 -0.313825949453761 -0.310048180492491 -0.311036214999196 -0.327735139284666 -0.313170570121516 -0.303860809942782 -0.302090701352938 -0.300203393476158
0.15881842624051 0.0861611914919526 0.0687770218515616 0.0767668017088359 0.115121872994572 0.141516800305141 0.164189010421885 0.190474949027499 0.179102707067126 0.130453476494651 0.0809811179089029 0.0461611550122296 -0.0403727306411122 -0.115080887732524 -0.201487751432617 -0.239153874950891 -0.280790738310975 -0.281531641632801 -0.294296715378912 -0.28978514572213 -0.288232329423613 -0.283090498428219 -0.290296636888385 -0.285632521649543 -0.292920354385813 -0.289564376389567 -0.275830192089701 -0.276390001321716 -0.278064918602812 -0.265285487899057 -0.2767777270337 -0.272552617236553 -0.28454630685008 -0.314290599937027 -0.318939373788357 -0.318867512323843 -0.317219071868054 -0.311772640786935 -0.307623296647702 -0.298615635435904 -0.292593635040034 -0.29089731794985 -0.279747660944767
0.220037023276743 0.144991978681375 0.0975005488192777 0.0583138257235574 0.0483324457398938 0.080579662263124 0.144422850203058 0.194423738239599 0.181046806350177 0.115633285600728 0.0638608990519655 0.029507355818524 -0.170385775908082 -0.197188498481345 -0.236143110449331 -0.269821593372886 -0.311926298505409 -0.276635475634512 -0.292893081453321 -0.275429678116221 -0.266454970301651 -0.252716190566041 -0.25434042012054 -0.267593437545354 -0.285168009409383 -0.274890261362544 -0.25933476390142 -0.266194325670268 -0.271978667753993 -0.272477101388539 -0.283726153732871 -0.287524979652571 -0.284972843847238 -0.293036989118874 -0.313496619687734 -0.304306596987317 -0.309989943142699 -0.295757149125871 -0.288259589248974 -0.292865936355736 -0.295625760866332 -0.272799374450066 -0.263180482305047
0.149627347939677 0.167307959593595 0.108089297734391 0.0612402170372487 0.0414712350289771 0.0652404182949627 0.162615298480152 0.187860029080817 0.166399127987576 0.0897008866364816 0.0850568682733637 0.0384313379561174 -0.169195368684857 -0.194246516771503 -0.245363440091409 -0.253255111190394 -0.280698289081273 -0.280976915191797 -0.274066848554611 -0.263181555054471 -0.25533100094697 -0.25174787349248 -0.256824376375119 -0.26961947313445 -0.270516950843286 -0.261959609673946 -0.259281398061533 -0.265970048793539 -0.265383288440041 -0.27115806503975 -0.277882973738894 -0.27245946972763 -0.273052537905413 -0.289992262964115 -0.304817374127047 -0.298805567583618 -0.305678260777293 -0.289736158678568 -0.283041319333077 -0.273954886099262 -0.278510431180497 -0.284647508670489 -0.280604941955123
0.171746154374063 0.151330839881311 0.121918437597174 0.112881571807787 0.0993488499479952 0.115617812592565 0.167731751873469 0.195701094675859 0.113749861398101 0.13513628681425 0.0991761760550578 0.0176210300946241 -0.16356789706602 -0.204627007937256 -0.266123749212227 -0.252727268655948 -0.260765068216808 -0.249788835738231 -0.254831282996102 -0.241182044037899 -0.205163391396117 -0.216347832252578 -0.248081330415115 -0.264575538768431 -0.257772511835769 -0.248239746570316 -0.235960989223866 -0.235746761091803 -0.23986189251381 -0.238207964239217 -0.244813985640581 -0.249963610569492 -0.257787939238477 -0.260076176427438 -0.289747262512715 -0.286013854320422 -0.298818802075557 -0.288868016522944 -0.284030086267612 -0.279701558442822 -0.283401803229512 -0.275935647087675 -0.273583720271832
0.19984067163811 0.167451552730607 0.137568192770117 0.140469100704252 0.163699003116357 0.159400880115065 0.155393735236365 0.114198755967789 0.09235864389498 0.111987159700137 0.0518858647928742 -0.0220748755177029 -0.128789892247539 -0.224752422446894 -0.238109341175448 -0.230986459903358 -0.245845364582954 -0.219712272647598 -0.215011158138906 -0.223411439956164 -0.205151418863803 -0.206228110158178 -0.241167918737756 -0.243672909978598 -0.240957120712474 -0.236388881209666 -0.215663334894659 -0.193320293637373 -0.180627878314054 -0.195816748609612 -0.22621411582116 -0.23748438015459 -0.257592736703779 -0.260511605913925 -0.271554274622505 -0.275133113847453 -0.281677469676037 -0.275202962006378 -0.283393762805263 -0.255443385079742 -0.24203458771966 -0.247380709891638 -0.254957801249908
0.21649993014783 0.180698756761079 0.155272397024962 0.152738700634142 0.165389703076559 0.169914155434996 0.141078930377925 0.0866103880981102 0.0717248495085548 0.0529835464557011 -0.00804462777938259 -0.0614377190391964 -0.102115589488261 -0.172305067364735 -0.230278026711051 -0.217507641423655 -0.206693186685413 -0.186810701709888 -0.167828119700742 -0.179919900688012 -0.167807366025632 -0.167747042684431 -0.203771829812294 -0.225737471281191 -0.227174421458001 -0.219819073950755 -0.188875588484 -0.154859015112542 -0.134536411953402 -0.139291474937115 -0.180269595267243 -0.230833987112594 -0.246184532307221 -0.248469162011485 -0.264259931757074 -0.263697287759387 -0.270029706916001 -0.271212128836273 -0.256417207589042 -0.253066556395166 -0.235915349019856 -0.232732455957841 -0.212087996932097
0.21524409586912 0.173778237389499 0.158426034628636 0.160572289147649 0.154106922127343 0.129888428128261 0.11460638525078 0.0930710895050978 0.0730540803342664 0.0427150900166101 -0.0175802081765438 -0.0854103800513446 -0.134317281900332 -0.184148830607798 -0.182056396760204 -0.159015088696582 -0.144385228903342 -0.132802582387003 -0.114507777592659 -0.118909369194456 -0.101619809114005 -0.104347758067596 -0.177996777320014 -0.201618567940393 -0.198638620393502 -0.186208962824955 -0.16643280711661 -0.124461690879823 -0.0927459600713778 -0.0860041310806063 -0.129887105397818 -0.21119072081158 -0.247284027866134 -0.247901579647806 -0.25518243730332 -0.263823267123591 -0.270794617014627 -0.262609364818016 -0.252415729887185 -0.235953759419363 -0.246506753835743 -0.239455168719654 -0.20650063604214
0.204300976670105 0.162485910784103 0.149316416815047 0.156138634677409 0.128264431789314 0.0857199066233925 0.0900222317330336 0.0703428892650399 0.0315424527742682 0.0131516948607956 -0.0326414677417437 -0.0749034893595725 -0.123770039800409 -0.126862312727608 -0.119415596812843 -0.0986630082413875 -0.0797034128921041 -0.0565190840824235 -0.0611589734060329 -0.0581012958345983 -0.0497516744993903 -0.0690731343249465 -0.110525776263358 -0.142335136455655 -0.151646608144969 -0.15532420967121 -0.158155467692473 -0.13527370855481 -0.0849770806065631 -0.0712098957588507 -0.11564847944305 -0.182662387467481 -0.222074884677002 -0.246051501177239 -0.256906413923397 -0.260793978057463 -0.261504077437634 -0.250176867984421 -0.240460013421154 -0.241967188381626 -0.233686289981758 -0.218289112504474 -0.190377391615775
0.133520512715819 0.115994356090808 0.0946891280581457 0.0971526094663412 0.0534240641184748 0.0504815002717112 0.0390022569739671 0.00783454755095112 -0.0128013142876237 -0.0203240754399426 -0.0596359913721762 -0.0608590852594344 -0.0840942310866724 -0.0672451551173537 -0.0539331353667421 -0.0362705458644983 -0.026931740386834 -0.00975564553837472 -0.00398757178198704 -0.00398636457586694 -0.00269654939645374 -0.0205245732456621 -0.0459833826918535 -0.0764526933920422 -0.101208932636371 -0.115187260775201 -0.130730909912352 -0.122344409956066 -0.0852728595695138 -0.0689086381401025 -0.10275618181659 -0.143743486279004 -0.178865856941014 -0.209762020714696 -0.23463776286411 -0.242500391382137 -0.246842867093576 -0.236147022359074 -0.227546543502833 -0.215215925103781 -0.207290592391664 -0.194950107678296 -0.150291776507792
0.0243780646291184 0.0226157829939756 0.0105711399759402 0.0187897509099117 0.00685848872796133 0.00572327559317121 -0.0271623620277701 -0.0576673752641185 -0.0451935161115141 -0.0332822735477243 -0.0334010492544256 -0.0208798366703034 -0.0156845324713051 -0.0268167631784755 -0.00499681105297136 0.0104133559007281 0.00601157029179606 0.0210172970836552 0.0231596033293786 0.0258961484501102 0.0477169925914915 0.0310820836610637 -0.00859272060064857 -0.0296932363472518 -0.0435461291034346 -0.0729148769077095 -0.112244939543093 -0.102711002405926 -0.048121650506383 -0.0212656665919184 -0.0568159373251121 -0.119500771166696 -0.161309416592218 -0.19729287043386 -0.219796195596517 -0.226208184151045 -0.235680558923958 -0.213466091175217 -0.196658407438595 -0.189399477106854 -0.183182981836363 -0.169786680972348 -0.124473609748223
-0.0917361151158715 -0.0517890322478929 -0.0373430440742341 -0.0195241964945043 -0.0201683575280946 -0.0589704392265794 -0.0626668492350677 -0.0747762824865848 -0.0633016974700944 -0.0410890938334681 -0.0146198536741953 0.0381086727905199 0.0315636442317454 0.00605678037438234 0.0440531837628922 0.0586833326260609 0.0243171801537043 0.046206845551224 0.0618583970850768 0.069933832323558 0.080044204190145 0.0681931088153222 0.0302933734707706 0.019786373145232 0.016518070394606 -0.0237371474228773 -0.0762785942955863 -0.0809637635566167 -0.0244822299331164 0.0224088393096633 -0.00271199301915147 -0.0758486850417246 -0.13340878302204 -0.156488339922727 -0.183098352592527 -0.203522932142238 -0.214917686167549 -0.196626834190415 -0.181096034711258 -0.165313132432674 -0.149416730869634 -0.131829714180105 -0.10875956075407
-0.1387331387779 -0.103818820833172 -0.0885478168144818 -0.0508523680453812 -0.0503229945712107 -0.0910093569908596 -0.0907803911400796 -0.0744187546237418 -0.0425447487539233 -0.0217319399248978 0.0108363636280859 0.055171961578524 0.0513411953132056 0.0343781153965809 0.0730963872064412 0.0892931326774089 0.0457679924312777 0.0836744078447472 0.101755689228616 0.0960801313957753 0.101722324021483 0.0913852933290506 0.0614427057696968 0.0520334127137328 0.039130160163572 -0.0173123010196705 -0.0722321877382824 -0.0812207558698162 -0.0315030268301496 0.0324815045228206 0.039167603507106 -0.0121002562678969 -0.0769031883529586 -0.125058509387232 -0.157667607470025 -0.175911702612363 -0.186625001764306 -0.173678474750294 -0.152599390898854 -0.134628443826168 -0.118743092696554 -0.108543011780198 -0.0859931824877686
-0.174396374290246 -0.173577972412219 -0.140098603926206 -0.0911421628453041 -0.11386688373549 -0.145946816379856 -0.115788961185072 -0.0812414433420809 -0.0309139968840834 -0.0263899663007801 0.0255794332370093 0.0495358503305686 0.0593977487742044 0.0784935977949002 0.085301922893188 0.0799721591682629 0.0723187669110248 0.0947001442521608 0.121378330913595 0.112126003806103 0.107475431218932 0.0937170613026697 0.0682252484789276 0.0742507858432025 0.0517416554242615 0.00129057884706614 -0.0596750271659606 -0.0860042865671021 -0.0429657942404812 0.0396904354864462 0.0805063538079789 0.0485538864363474 -0.0163822512501075 -0.067867256691177 -0.107663390581332 -0.141640057610642 -0.157275474044122 -0.145426108275626 -0.125409284087616 -0.110124243077793 -0.0975755734111874 -0.0959768467981793 -0.0651931243795148
-0.197786656534651 -0.208528619768514 -0.177724722243485 -0.155611134649192 -0.163430105623986 -0.147392092385691 -0.128653470523487 -0.119170277872519 -0.0614371214096409 -0.0388482084900555 -0.0275918590597915 -0.00597864275964039 0.0699802313848719 0.0837856628819447 0.0870582655329614 0.0887366164805566 0.101190095965978 0.0933121319176115 0.132736121281724 0.16997907476217 0.140461552900719 0.0899588642391254 0.0629614320557565 0.0742437913346982 0.0409993019231899 0.00369176501791355 -0.0429530255267175 -0.0728905457255651 -0.0199218235106917 0.0533453173255687 0.106795195694221 0.10458916665643 0.0394543964092022 -0.0310968032149874 -0.0717022189918302 -0.0936500067118801 -0.110686375789239 -0.113706709191357 -0.0950839494252854 -0.081473767396667 -0.0722038300118162 -0.0715055307552582 -0.0471993846024078
-0.197891559063355 -0.211616967486347 -0.213495976598979 -0.200952985869672 -0.156893459423515 -0.114201990547175 -0.12956035823478 -0.144226088959883 -0.0881766796715674 -0.0839487167515925 -0.0833804207216601 -0.0351105678407444 0.043153115405875 0.058432408117294 0.072629692272616 0.100181193278696 0.122080325828719 0.102532393776558 0.140672902304716 0.18752934122981 0.171494724082162 0.099775383748836 0.0499298683276792 0.0486091521358473 0.0365575368188655 0.00401694142981141 -0.0356355389215679 -0.0424113268067787 0.0146115606015224 0.0796711686520165 0.135565105719758 0.132556916088168 0.0816753482663862 0.0190101200468187 -0.0248405342315709 -0.0425240566968859 -0.0538555317754371 -0.0637242188122024 -0.0601807717902202 -0.0497072631528931 -0.0461695688161805 -0.0260707698773366 -0.0183394784782005
-0.203248236519215 -0.226989862893332 -0.251875086659731 -0.21795361656749 -0.157413950603315 -0.138371808273629 -0.151770780209302 -0.166889465102375 -0.120274993186967 -0.140101024594048 -0.123896154790638 -0.0493996544420929 0.00384848349425769 0.0271512900150438 0.0420081447714927 0.0738503497588978 0.135758314042919 0.108297801179779 0.128037099770552 0.170542512357456 0.186047807732292 0.123222015032352 0.0489073515700464 0.0304427238385388 0.0288005650908492 0.00187450196673633 -0.0301287289728084 -0.0220996883939471 0.0391752861662669 0.0993043595978613 0.14469267046001 0.145426855146666 0.106983378394604 0.0575394372661195 0.0240406322897654 0.00263565356153368 -0.00383574313676214 -0.0110992132511083 -0.0467041275492263 -0.0460894621948302 -0.0176673445886929 0.0128342903293414 0.00908199455897786
-0.240053565731694 -0.260091520644901 -0.28202371546282 -0.236512418203309 -0.179860293554878 -0.158337959287452 -0.177366315981294 -0.198810676836847 -0.179631572466477 -0.178461123365382 -0.155824925329068 -0.100002025622302 -0.0487267023511939 -0.0254523106035154 -0.0172074988351448 0.0190913537538111 0.108287885169175 0.0888887749579056 0.108850491263213 0.171118639829152 0.195149390534069 0.129014397704343 0.0332976564887506 0.0329874359182138 0.0186341844009784 0.00440430249304168 -0.021846862854292 -0.0140905475255825 0.0450082675379476 0.101654850260835 0.135466876520131 0.126245449312629 0.107571214282912 0.0869814354121488 0.0616644640578542 0.0412283315560219 0.0297575777065894 0.0120065253307542 -0.0318102625861623 -0.0348820977828059 -0.00207159613446346 -0.00424845754064972 0.000279983046875416
