data/ndvi.asc
NCOLS 117 
NROWS 117 
XLLCORNER 794599.107614635 
YLLCORNER 8931774.87460253 
CELLSIZE 30.8499999999996 
NODATA_value -9999 
[rows 76 to 94 of 117, columns 0 to 42 of 117]
-0.365128720900526 -0.363854444646437 -0.355345923548856 -0.350151539798792 -0.355211809006155 -0.350215392577157 -0.362174560562896 -0.365473460264682 -0.354128694697537 -0.354900393525112 -0.34900723612649 -0.325261987797274 -0.333676433169354 -0.345307710569543 -0.362172769685893 -0.363863897553129 -0.352740854772109 -0.335641166738449 -0.332125243218521 -0.343329123045624 -0.329521345903723 -0.320823969937403 -0.324928508575571 -0.321169493068905 -0.326010308525149 -0.324795113456517 -0.323848361641675 -0.312641347520853 -0.313376277798517 -0.321408379966438 -0.309375632940185 -0.301263516322255 -0.285481967100164 -0.273027788724118 -0.273940780696076 -0.265443395579608 -0.264625566152729 -0.284719871060172 -0.289861708494905 -0.285875373394691 -0.305461137127182 -0.281257714431245 -0.267343081733062
-0.366941387819819 -0.36625096794983 -0.360355347087052 -0.35056895319273 -0.351593941688962 -0.358086620603499 -0.36263904622053 -0.366293814248474 -0.358783176083112 -0.356891357116046 -0.341270173794211 -0.341113296264033 -0.337791220055627 -0.355494975043886 -0.358297960820398 -0.357119243809417 -0.358277440342275 -0.355374286989961 -0.350445607913325 -0.348580184131772 -0.344375361674248 -0.327915827766159 -0.325383675066729 -0.328619824973209 -0.333680927929099 -0.342046932517016 -0.330497583941546 -0.311124823928343 -0.324729330586493 -0.336028593839098 -0.315212499421329 -0.304091298304 -0.289620909805973 -0.294294785404508 -0.299656442297418 -0.293299016047065 -0.287486606720566 -0.295444738564198 -0.301631774612058 -0.299069137264605 -0.313818665225603 -0.29101418154576 -0.27658182370889
-0.374328224315744 -0.364145415580673 -0.360843425144963 -0.358215503979291 -0.36542225898277 -0.372045161082026 -0.370669728595882 -0.370298634580628 -0.363898477800876 -0.359589179552014 -0.359319012140606 -0.356811276190467 -0.363915831600134 -0.366804388215211 -0.367139081678662 -0.368247591375994 -0.365876245808318 -0.365267457659649 -0.360173825122405 -0.355332333705218 -0.360104005060055 -0.353229340691169 -0.343752474794488 -0.340695380002993 -0.351240970113 -0.354929461391726 -0.331841499189659 -0.319417644169997 -0.333162439974655 -0.329892827156801 -0.315780488318923 -0.317742130576186 -0.312552206829143 -0.300453128733215 -0.308660246490015 -0.314679308915576 -0.303507305088946 -0.292162600978013 -0.307827916238301 -0.308884305584728 -0.319112662558207 -0.31256376369111 -0.300142110042656
-0.374255787019196 -0.364210643627633 -0.365510695763234 -0.365168703362759 -0.360908450267732 -0.368043666947128 -0.363265625502344 -0.364048186667267 -0.36418524623733 -0.362193141486986 -0.361724012760377 -0.364030177915716 -0.368866355591857 -0.365323338141649 -0.359132251346732 -0.359029205141973 -0.361232781011286 -0.363547667099284 -0.36428438937699 -0.356578909903403 -0.358481508814092 -0.362067289366787 -0.3558197235439 -0.351568775610926 -0.356198469167447 -0.355138978585252 -0.346237978454769 -0.335248218551548 -0.330209860196914 -0.31454481707322 -0.307592410677487 -0.332196457505943 -0.33358944294066 -0.311673389021635 -0.312120075782699 -0.312546639819781 -0.310414045142223 -0.30285258249661 -0.314106820193737 -0.317850737745137 -0.327657420810679 -0.323728143911157 -0.307254836242155
-0.363123399325299 -0.363593798224111 -0.36210578117926 -0.364182383289627 -0.370898101894909 -0.360247040332948 -0.349110810337633 -0.360341476395336 -0.359684725708517 -0.363148540036837 -0.364405520526081 -0.352456187223813 -0.367545658327594 -0.361116799993556 -0.354188852941292 -0.354486621989699 -0.359741015798407 -0.361291685899992 -0.362620015786148 -0.367967200819811 -0.362032321108471 -0.361060243721943 -0.362729636952077 -0.359771489799115 -0.358562162698753 -0.359389291966869 -0.346303132966462 -0.330089937540869 -0.323174571198245 -0.313275483484623 -0.311870622447387 -0.337025989915635 -0.341592108431159 -0.32743144204948 -0.3284938254705 -0.325375807766935 -0.314018707350632 -0.304368891013418 -0.313762755661358 -0.331128723263151 -0.337076929620195 -0.329685425351492 -0.303643760751104
-0.361344946950166 -0.369554705906794 -0.358608351380535 -0.362598055738378 -0.357248104557061 -0.353109387331119 -0.351371540221329 -0.361156651660394 -0.354386389856114 -0.35689968832425 -0.361970133939045 -0.353090601587644 -0.354792228031494 -0.350837922225349 -0.363279243392878 -0.36079953321053 -0.364934684383788 -0.366152116360936 -0.362529407785087 -0.360853592118601 -0.361296512877307 -0.363388447222759 -0.36723178146034 -0.36630455291875 -0.364767575513977 -0.365902790829717 -0.362997207403708 -0.343143690391103 -0.32624278593206 -0.321461889048354 -0.327060291284438 -0.344574362509824 -0.350267789205991 -0.338275258342401 -0.322459001130633 -0.324608293322364 -0.31850505898788 -0.317277141518379 -0.33086268350487 -0.345099640510955 -0.341092788829195 -0.318430248252296 -0.306509498675028
-0.360175611153544 -0.362990421780693 -0.354477981928266 -0.359448968363329 -0.362265851127045 -0.348869899932054 -0.352447155642372 -0.360834568061755 -0.349436169717629 -0.354447698245151 -0.348365414955956 -0.359605891473552 -0.349844135593247 -0.354457773787834 -0.365227300881267 -0.361548312294297 -0.360074915734924 -0.364496635624967 -0.358407972170957 -0.357399185814008 -0.358604174145317 -0.359996898362768 -0.361921837715345 -0.359861977237487 -0.36352221832953 -0.361688505647354 -0.356904430009205 -0.350387054001563 -0.344718428498904 -0.343351243977099 -0.35008146560842 -0.354216842716127 -0.35018155438921 -0.33892198877241 -0.329316816637178 -0.333014129606295 -0.336275047102361 -0.347305003835751 -0.346407463504352 -0.34322280172165 -0.330550934828451 -0.304696888950062 -0.301600794825613
-0.354488682427716 -0.352827130722134 -0.352398254960749 -0.356278339273775 -0.357466071844101 -0.352463318851397 -0.348860617753842 -0.353041480717372 -0.347858613183997 -0.35508302810229 -0.346134565405675 -0.36154925322708 -0.366509896244936 -0.359114145311357 -0.364444973712439 -0.356334701159562 -0.358080853140479 -0.366733569264196 -0.359650083236395 -0.352930053347002 -0.358136563705173 -0.358505689063942 -0.357960205420396 -0.358808539661269 -0.3601624025294 -0.359854659579358 -0.357443924445808 -0.354943367021085 -0.364045952958732 -0.363891671180981 -0.361718191913055 -0.358753756109365 -0.355855137504084 -0.358410943803962 -0.353120682753709 -0.350927663950457 -0.353592753319367 -0.357819576392828 -0.345091619132894 -0.344305898233534 -0.322748352686974 -0.303685818488959 -0.292442753446392
-0.365999132295494 -0.360767019153905 -0.357609631855206 -0.357657380568644 -0.358382956380174 -0.362091091189599 -0.352734201782213 -0.352743782362884 -0.356067172386308 -0.35647886756963 -0.356744697484229 -0.359308396094381 -0.363915694016314 -0.364437888336141 -0.368236050927994 -0.356066105615983 -0.357728272748588 -0.36796774752478 -0.362247711229641 -0.360367773000518 -0.353104788535963 -0.354055555233568 -0.354773518863882 -0.355570542443449 -0.354255523383629 -0.354115596767064 -0.356511547613738 -0.359013344414242 -0.363713149861781 -0.361685426449191 -0.358639461355509 -0.360988576649375 -0.363328827817753 -0.36120189688719 -0.361362346708184 -0.361062046117102 -0.355927552850573 -0.355027110931916 -0.341774943657994 -0.322498664018507 -0.308611782224752 -0.312411156509355 -0.298270883439361
-0.355475143627161 -0.364514772547583 -0.359855661923969 -0.358317493589316 -0.360588729132422 -0.360754238579975 -0.360408296971051 -0.36004388189167 -0.364158974474519 -0.355145222259227 -0.353138011233501 -0.360255039729813 -0.363400212198591 -0.36401716491496 -0.360040800609134 -0.362799128905761 -0.362320968491571 -0.359654437188652 -0.36697943480207 -0.363158385542997 -0.353375287581206 -0.350662430077542 -0.359229352505362 -0.360270024747075 -0.356141387320881 -0.355923556091984 -0.355875392920369 -0.355794616761477 -0.357832742752496 -0.359472603622284 -0.36068142129008 -0.358904634313056 -0.353632210749918 -0.35956456474091 -0.360667848839711 -0.364824959611355 -0.348452516517677 -0.354688236235179 -0.340649790517792 -0.305005552951398 -0.307919424551147 -0.317382188703317 -0.316114414190465
-0.352646784977946 -0.359391505943388 -0.360638099341218 -0.35978267872844 -0.357399797233642 -0.360506301651712 -0.360586573442666 -0.360817034555996 -0.365204932859609 -0.362219247884071 -0.357186702307806 -0.359345228633021 -0.35770045165335 -0.366678524083801 -0.359615908102948 -0.362074044999314 -0.363247855738622 -0.357588138116591 -0.358172881963891 -0.361465965657545 -0.357080091831527 -0.354708953115537 -0.356265728367451 -0.360247622280308 -0.361920515651439 -0.357053843649443 -0.353309747501288 -0.353618760461407 -0.356779709228409 -0.360478351200675 -0.362054495556462 -0.359797918769423 -0.355289805894243 -0.358009710135975 -0.359383783636185 -0.368901554192925 -0.366694350736354 -0.34898215334891 -0.325396029561183 -0.305780935134513 -0.311557655445992 -0.32123944447823 -0.309101221840168
-0.359742129875478 -0.358377730057012 -0.362064520439576 -0.364392873074705 -0.361068933327857 -0.359159939704016 -0.360463171950149 -0.360661727240347 -0.358038614291073 -0.355857965362925 -0.354871258754521 -0.363685681701753 -0.355102773757345 -0.363512848424091 -0.36022024845989 -0.362849505744134 -0.362752519175226 -0.362722839970625 -0.358645548959146 -0.359394831870152 -0.357585474866097 -0.355069061401013 -0.354724808138622 -0.356160540231943 -0.355576127223545 -0.352966275707452 -0.351250842864052 -0.352555942482712 -0.353791988241012 -0.353066066857725 -0.357269201401145 -0.360002939370492 -0.355759728443682 -0.355161434410938 -0.360815285410016 -0.371421874724453 -0.368976888510958 -0.342540328277308 -0.3137828066612 -0.305809286124886 -0.311819118221347 -0.322613815469118 -0.30735439950466
-0.366592696676455 -0.36217408919983 -0.363347221677011 -0.360156081145687 -0.364669656542692 -0.362214648605154 -0.360014219251559 -0.35694813968956 -0.359678319062739 -0.353829960238754 -0.353850636303639 -0.359064504691326 -0.35334533770072 -0.365494051586634 -0.359228741326921 -0.36414860394514 -0.355660901859298 -0.360461889929927 -0.362531902845656 -0.360851428285593 -0.353544144613643 -0.356348118928646 -0.352983573447175 -0.354284514333137 -0.359176057136698 -0.355268904703895 -0.351750016636147 -0.351991940547582 -0.349929176482624 -0.348056493107809 -0.349625334600549 -0.350495654890633 -0.349309635586174 -0.353036886693896 -0.360941737449659 -0.365397438227416 -0.360188651357683 -0.337512495307199 -0.315247578656817 -0.307273843575324 -0.314478296912369 -0.327611266836524 -0.329656633648125
-0.36438430988 -0.360738761702668 -0.360187602133615 -0.362554436410207 -0.362715684658073 -0.358284940689884 -0.357731180866334 -0.359463462596824 -0.359266025622121 -0.357278154311107 -0.358177354391406 -0.352056137063569 -0.353252975487513 -0.356996890591549 -0.355840576251366 -0.366244108194776 -0.357256189833233 -0.362707209003902 -0.362671319788228 -0.36449067362604 -0.352101671430721 -0.35639337253886 -0.354107489333935 -0.357283451752962 -0.362511591997756 -0.358705244282348 -0.35994769656443 -0.355448156360131 -0.351170074636791 -0.350548536778186 -0.349934952577704 -0.350596443776908 -0.35037021126293 -0.351827591443973 -0.352506127349413 -0.351410598332694 -0.358402907862304 -0.354512781013208 -0.326825117257312 -0.313065507498391 -0.323984837534951 -0.330757486459435 -0.334746747329768
-0.364133404547834 -0.35707197573618 -0.358966484035031 -0.363514249045901 -0.361355367083935 -0.357748956212123 -0.35472332971553 -0.354367636683388 -0.358625157605881 -0.356340823638469 -0.36492301479756 -0.356854780284724 -0.361017263254379 -0.349400722323434 -0.356731594304128 -0.3633025135224 -0.363433477152423 -0.364717463958857 -0.367553579027854 -0.361385148855595 -0.357649560890684 -0.355309689269131 -0.352093046333403 -0.353788542910899 -0.362044607737301 -0.360343890025033 -0.360050079051689 -0.354269114182128 -0.350936302915858 -0.353307485853807 -0.352359515004057 -0.353014228803778 -0.352626231266919 -0.346012928663439 -0.347995094247391 -0.351289593156856 -0.363340354221961 -0.365940301672992 -0.345338362287087 -0.322698901733394 -0.326373475672893 -0.333013590106868 -0.334485623526078
-0.367312917305484 -0.358236266942943 -0.35824836670367 -0.361035190533704 -0.356034702397545 -0.359548325322634 -0.356660828678066 -0.351865753311396 -0.360194514525852 -0.358457907857097 -0.358973897480686 -0.356392201519154 -0.357507934895866 -0.350974048928297 -0.361969134721806 -0.362998275719162 -0.364092967058714 -0.357879049614895 -0.362434328176673 -0.365951807543217 -0.362686104979458 -0.356039003820676 -0.356847069085605 -0.348295470284485 -0.350791334180411 -0.354057648945455 -0.351617202243032 -0.350140235427351 -0.350865351409621 -0.348652078536108 -0.350692458574621 -0.355147757481868 -0.353583496193 -0.347620478936884 -0.350994472056331 -0.353950866606778 -0.361316470016151 -0.356064144084382 -0.350186100999267 -0.334729548203509 -0.326451176362889 -0.33861422931016 -0.333325748857574
-0.367095646242936 -0.357959730709049 -0.356809021703229 -0.35421036970769 -0.353758619609598 -0.364713387475999 -0.364442461890297 -0.354703844218504 -0.357899614380613 -0.360900247064213 -0.361970380028359 -0.356868195336946 -0.357521080534195 -0.356850439651898 -0.359238010037185 -0.361526769770251 -0.362940714392481 -0.354621430181 -0.357916654099355 -0.360635570670895 -0.361894294619397 -0.357232596430015 -0.354365543547223 -0.347020196267787 -0.350567418044441 -0.354055772349911 -0.350667230906504 -0.346133433810272 -0.35071519644206 -0.349656748815854 -0.349993906284285 -0.353120505808457 -0.351845826997592 -0.350453502985603 -0.347925011890801 -0.348353529293467 -0.355763473741372 -0.350535951465083 -0.353331342401234 -0.34707460084135 -0.343972481617999 -0.338518769728239 -0.336328145978158
-0.366697151379589 -0.360424189588016 -0.358520662748359 -0.356343228901988 -0.357084634124321 -0.363439387483617 -0.35899512914404 -0.35247916313391 -0.358446881469003 -0.359165068398116 -0.362165792462303 -0.352283179418372 -0.364381879442592 -0.359146505068725 -0.35714539315407 -0.360447711674797 -0.3609766034739 -0.364837796974107 -0.358940632944862 -0.357936679866263 -0.359121227336348 -0.358850352074559 -0.353194129757024 -0.351857551267492 -0.356592222093978 -0.359558372714177 -0.353590629163562 -0.34544028691045 -0.348676369338575 -0.352060765243755 -0.350206689042334 -0.349464682632998 -0.354338859411691 -0.349740426778795 -0.342697904690075 -0.346577141437989 -0.351110428520549 -0.348244640454956 -0.357485547938906 -0.354580460235166 -0.357561845460011 -0.347106572267562 -0.338882340717022
-0.358744311336256 -0.358887030923175 -0.35856088668808 -0.359906528296047 -0.355992698058916 -0.359082005128495 -0.352998296103577 -0.356964688796894 -0.362138957649509 -0.353938987789971 -0.358902181891896 -0.354761996315429 -0.359833359631665 -0.351230755660555 -0.355734657764105 -0.357936265696003 -0.364020798721614 -0.368595366573138 -0.36263459349067 -0.362706785111783 -0.360657443688755 -0.358497136986061 -0.35454693141985 -0.351940101348772 -0.354279377412931 -0.357634022771203 -0.349551987945228 -0.344687482374277 -0.34842519668012 -0.350679197968415 -0.350867347121559 -0.350655858703383 -0.354880478495975 -0.348735689642881 -0.3420551745721 -0.347757257975474 -0.350579357263088 -0.348042774013999 -0.36098800454735 -0.36184646585359 -0.36427966610291 -0.354744506154838 -0.350354838340689
