data/ndvi.asc
NCOLS 117 
NROWS 117 
XLLCORNER 794599.107614635 
YLLCORNER 8931774.87460253 
CELLSIZE 30.8499999999996 
NODATA_value -9999 
[rows 95 to 113 of 117, columns 43 to 85 of 117]
-0.343763024259588 -0.344251000012876 -0.340060054830937 -0.341899134326168 -0.334248769078404 -0.326916426377375 -0.326767481640546 -0.324537826218113 -0.325912169698242 -0.332116649604488 -0.328035496447516 -0.33844348896952 -0.340131111488487 -0.342533189389547 -0.331116913955841 -0.333201125983909 -0.338001041134674 -0.342052824514337 -0.346922844605039 -0.348008268788056 -0.350588825512804 -0.354873021297827 -0.357339333081386 -0.359291302793452 -0.360946825677484 -0.359273618151596 -0.36155443818664 -0.360555741319621 -0.357998482276336 -0.363765790227774 -0.365607820550312 -0.367043757498776 -0.361755642628607 -0.358093492909222 -0.366103964756846 -0.359525991050378 -0.36136001956965 -0.367265112317783 -0.365336350795914 -0.36215887551187 -0.358814392761763 -0.366968577072138 -0.360515694632718
-0.351476998907332 -0.351513794147835 -0.348981518039228 -0.348681160348633 -0.35567818667317 -0.345206257312089 -0.346313828135677 -0.329409803984873 -0.331294393820558 -0.340639413399268 -0.334974845807857 -0.346827922100341 -0.33942095097099 -0.336929682047376 -0.333110146637627 -0.340458240790897 -0.348110695822121 -0.351704066432058 -0.358580565429348 -0.359956155566188 -0.36253761150724 -0.36381277636203 -0.363826567765737 -0.362853354775518 -0.363858012884737 -0.363645237442721 -0.360879043663784 -0.361469332418429 -0.359885741298751 -0.359836987517571 -0.366623437657728 -0.367493990217411 -0.361844316110996 -0.359782495271102 -0.368685411639043 -0.366002720179917 -0.356756040610445 -0.367039319139612 -0.356777748393615 -0.362862239124357 -0.363584137983004 -0.363099733543028 -0.360921132668728
-0.358424226713956 -0.354530326920835 -0.351482455457035 -0.352814553808457 -0.359509232997822 -0.357588153913819 -0.356743069917718 -0.341764323186981 -0.350221154692117 -0.350380594167595 -0.345553014827927 -0.350191500538886 -0.347880524713117 -0.343407677373737 -0.348804046887973 -0.353583479388708 -0.358698277927659 -0.359571315652478 -0.357534465811914 -0.35837505054762 -0.362977442409118 -0.36288277015441 -0.36000413924524 -0.363134174091429 -0.367778356854927 -0.364011840570353 -0.359477618592627 -0.360422771988459 -0.358402183928201 -0.359625871203876 -0.366282254104187 -0.370076315239467 -0.36083770039835 -0.363067739760993 -0.37072156717906 -0.366550843483371 -0.361727848098021 -0.365079361622805 -0.358648156816101 -0.363157214386998 -0.368873363455369 -0.355996761823741 -0.366247643869077
-0.361246828660563 -0.353005363628996 -0.351256535073301 -0.354042775642964 -0.357162310958237 -0.358878099244624 -0.359857363723909 -0.354702885984788 -0.359071583589911 -0.35482877338297 -0.353388592129774 -0.360641922625002 -0.363728486435936 -0.358841475328822 -0.360689006723891 -0.359533392197579 -0.358961365329726 -0.361664416754755 -0.360119947777969 -0.356181854930619 -0.362365674849586 -0.361202398388596 -0.355855980047323 -0.355575266147252 -0.35981422320438 -0.359585828036175 -0.359889616186069 -0.360661525414824 -0.363655772006512 -0.365399833489382 -0.358362898448958 -0.363158266507577 -0.364145265344641 -0.365486887800537 -0.367808252176414 -0.364399444527904 -0.361333599673389 -0.364243287238477 -0.367650202812473 -0.36384293322258 -0.365981349282609 -0.357142292543848 -0.36832069527905
-0.360049727203917 -0.357001978045855 -0.356557532311382 -0.356003958340886 -0.34989261614406 -0.357283181709939 -0.359940051524657 -0.356675598092969 -0.35719086696579 -0.358118849761212 -0.362806815913627 -0.366512277477416 -0.368022775792034 -0.360719608264266 -0.356694530004725 -0.360190166969256 -0.358726547317873 -0.364630186783392 -0.363874708223471 -0.35971533100004 -0.362646561969498 -0.360964266736401 -0.361738899269962 -0.358638384413387 -0.359674033072192 -0.360399742280347 -0.359555881570843 -0.365045590894435 -0.369214606398518 -0.366518444953362 -0.361595171163836 -0.358733912054139 -0.368109726176433 -0.366007452375556 -0.364081343870298 -0.361978233884891 -0.356443972999823 -0.356443242085763 -0.364516937359335 -0.371398041805377 -0.36877642774499 -0.361852727292563 -0.367087641022871
-0.358049158740713 -0.358077702907961 -0.354156968435381 -0.355391252106945 -0.34370082938386 -0.351947993077359 -0.358340171515442 -0.355755530284217 -0.359360596243707 -0.358156165162699 -0.36021402049544 -0.36133910852139 -0.361037474426128 -0.353163019513169 -0.353141092434015 -0.35933576170144 -0.361579036401467 -0.365927153044398 -0.363199798992948 -0.365389286897928 -0.365090266259887 -0.361050916933468 -0.362977641495759 -0.359888105014286 -0.355232344525629 -0.362103065462584 -0.361474291752932 -0.364747721516455 -0.365756708169282 -0.367329403023745 -0.36892599816101 -0.364515782501023 -0.362415014021583 -0.367114921276363 -0.362740151629716 -0.35766326889257 -0.359972720888792 -0.360420441055663 -0.371358025189349 -0.37291539088521 -0.361892247469234 -0.363448464020593 -0.365076796796107
-0.357626052680422 -0.35156732587825 -0.343280208470763 -0.352009230289329 -0.34253117783988 -0.35222200275779 -0.355472211019272 -0.356806693926416 -0.3644766965642 -0.357769149189422 -0.352807870038189 -0.355236595093621 -0.35704966751321 -0.35470747545066 -0.352871972981891 -0.360433817469725 -0.364785445743462 -0.365969937185916 -0.364275900402885 -0.364610181706617 -0.362609117465035 -0.357763845176456 -0.356637714630574 -0.359194206597274 -0.360262266041113 -0.362509164110858 -0.361558958316371 -0.359989585435228 -0.3643434516787 -0.366316299274742 -0.365206137411515 -0.364262653455988 -0.360375613725557 -0.366254406738103 -0.358716898496089 -0.348985726095396 -0.368126516826492 -0.363189845689281 -0.366990019181145 -0.368914467819334 -0.356770374926403 -0.36482410130236 -0.3641423706139
-0.359436714866555 -0.356980487719631 -0.348062840913824 -0.346923335864423 -0.348707651270636 -0.352067137494648 -0.357896268852754 -0.361479834185632 -0.362347835424035 -0.352319166506212 -0.360011945181003 -0.357928981071243 -0.355090157365225 -0.357227626508331 -0.354935299852252 -0.363219254283978 -0.367424616946323 -0.364751311210458 -0.36089334568186 -0.361259390802763 -0.361360310955749 -0.358696987272616 -0.35659929224169 -0.362418103372812 -0.36905882243258 -0.365612662707765 -0.361515337435809 -0.362327920096638 -0.364942156696986 -0.363173901124827 -0.363658071155992 -0.366876216283448 -0.369969207217985 -0.367310627460799 -0.359039793680404 -0.355098506234327 -0.363523459027794 -0.359425324094759 -0.369461356366415 -0.364694749559395 -0.357851103023347 -0.361450251082521 -0.36697947034993
-0.362560177711392 -0.356002094813249 -0.35512783626046 -0.35166583138332 -0.348965618421833 -0.351802862593186 -0.363677975088047 -0.358687946591807 -0.365794796290795 -0.362278523259767 -0.363770921490599 -0.360973057864133 -0.359984877659206 -0.360836795104573 -0.36088910973135 -0.364228873528732 -0.365184562825227 -0.365474686817733 -0.363286117637426 -0.363733389403336 -0.36488405529366 -0.363272639641108 -0.359970012151643 -0.360759903647033 -0.363849235230592 -0.359780867217408 -0.359013935649594 -0.363560674966204 -0.365178905563535 -0.362791654515525 -0.357845064965901 -0.362914033730773 -0.370585489637288 -0.36977163499138 -0.362100050982053 -0.358901792701255 -0.372235583217376 -0.362832514805591 -0.363802148663435 -0.359205112919392 -0.360381574368989 -0.362616640074228 -0.371668897021814
-0.363239898968432 -0.35239880707558 -0.352102715078617 -0.356070440962013 -0.355400134838171 -0.354439910548716 -0.362898811505548 -0.355853142865668 -0.357748304154449 -0.354969028282385 -0.360009134560786 -0.358867087061801 -0.358028716779369 -0.360394622314772 -0.363968293110072 -0.368475704757367 -0.366791572979913 -0.365662502903735 -0.362935043510277 -0.367247776778266 -0.369530706395622 -0.363697535536495 -0.362211265251324 -0.360591287126183 -0.359158000146276 -0.357935296664481 -0.360356303048614 -0.364202760459066 -0.366942013105852 -0.362293125420293 -0.357339837593678 -0.359965324620266 -0.363720579615394 -0.363958267732932 -0.366203165530139 -0.367532192532904 -0.37305782248089 -0.362476581923866 -0.359236966450253 -0.362323491415578 -0.361665907601272 -0.365617398477454 -0.368588828336984
-0.362936873698057 -0.356203133084443 -0.351273782973937 -0.359247682739622 -0.362361345769895 -0.35550262000022 -0.359591018458929 -0.359069984733252 -0.356687089164859 -0.361881285668713 -0.359530040455806 -0.361311608363413 -0.361106621503328 -0.354648864393004 -0.360033415082178 -0.368548466925652 -0.361128799093481 -0.364058824294684 -0.364744536395324 -0.366955084522861 -0.37087903431339 -0.367096526246707 -0.366327872552409 -0.363702940419798 -0.363827914800774 -0.362165246302741 -0.366024307519161 -0.365617567451622 -0.362044163652983 -0.361747996076795 -0.363999569190388 -0.361105059156648 -0.357941530511211 -0.359214539405364 -0.364893708328445 -0.361653045377083 -0.36153200168088 -0.368128509275351 -0.361297373161758 -0.357663759316114 -0.360153718187221 -0.363733387012061 -0.367818841968676
-0.35860367605808 -0.357433547954821 -0.34675211355119 -0.353079590100579 -0.35711460864201 -0.361068970054196 -0.358052857214357 -0.355402880400985 -0.357240207737327 -0.359798421991587 -0.353095261000722 -0.356018733077539 -0.353147460558836 -0.351712738938009 -0.352075631987875 -0.365045794356306 -0.362018526902401 -0.360504357521858 -0.362371516394682 -0.364801338814046 -0.369360687980303 -0.37000916686075 -0.361498065930569 -0.364377151242723 -0.370440598501781 -0.362149689564187 -0.368274433850111 -0.365596730834517 -0.361947826461409 -0.364326394111017 -0.367945440718086 -0.36715356500175 -0.363495985465452 -0.361250003774403 -0.362098085836952 -0.359338440683525 -0.358974367380142 -0.360729067886524 -0.364207833671599 -0.359094541133039 -0.362470932465438 -0.367349007301161 -0.365016780232796
-0.354704086147643 -0.359596427982508 -0.338626602163891 -0.354668416418067 -0.370633191597895 -0.359574263268543 -0.357600101718497 -0.354802725922031 -0.359280124938557 -0.353666677960499 -0.346763785569891 -0.351623173171418 -0.353448752025657 -0.353565004948847 -0.353940953658712 -0.358108992097955 -0.359455565319953 -0.359992154166201 -0.359091439564869 -0.360268110382582 -0.364538969408156 -0.364143556947772 -0.364017022152154 -0.366230940378909 -0.367622124275321 -0.364086524049009 -0.369887194128325 -0.363326583426658 -0.363856330196587 -0.362158932096489 -0.3624120162824 -0.366000099303797 -0.364568280226335 -0.359623743535654 -0.3605143876505 -0.36710477795201 -0.359702698485054 -0.358974367380142 -0.365006181657469 -0.367199438127797 -0.360098716327611 -0.360783356635713 -0.363576542980927
-0.357085327209214 -0.357733237383858 -0.358082447372141 -0.358476903677559 -0.367317400155265 -0.350966097222556 -0.365345686030784 -0.362074351558643 -0.359919407856162 -0.356591809536181 -0.354428048341435 -0.351273252449612 -0.352550753434375 -0.350805937793848 -0.357030272754322 -0.358266719173043 -0.355906304354639 -0.355449615970227 -0.357259167554664 -0.359941819117586 -0.364292570162408 -0.365184117903463 -0.363860631852721 -0.362176287568059 -0.362798358116118 -0.360795212394679 -0.362899287127947 -0.364625863214573 -0.364358219624893 -0.366304359560302 -0.366675959901717 -0.368773289091121 -0.359266799020046 -0.360057284744381 -0.368585659758183 -0.365477057177365 -0.363590539371674 -0.363800013113 -0.36310842168034 -0.371756969544013 -0.361966172187397 -0.356737220150642 -0.359916887440542
-0.35288483776881 -0.354579876998487 -0.358185872997717 -0.359179419505228 -0.356891607934793 -0.35188071480638 -0.362216119223975 -0.351319854466853 -0.363919178578589 -0.352771299761321 -0.355724162245314 -0.351457862215315 -0.352358838436459 -0.352328492405084 -0.363467265736309 -0.361776191600727 -0.360763724704679 -0.361362830138126 -0.362972543609575 -0.361322889649577 -0.363122918033873 -0.360789516862015 -0.360003012047838 -0.364209698840136 -0.361598213038114 -0.35482945832747 -0.357723041515239 -0.364823194362157 -0.366342292863126 -0.366855523053477 -0.363151801435567 -0.360275327812365 -0.360701923052013 -0.360981853829262 -0.354915423710891 -0.367256603107211 -0.367377108099984 -0.370030042266626 -0.36337225216402 -0.364322965034882 -0.364968137721661 -0.36366055712296 -0.357148808530573
-0.351928559987128 -0.349125356581528 -0.357724420210424 -0.353081980640133 -0.360809583284643 -0.357295974265294 -0.359870612434416 -0.351531647923614 -0.353068430522444 -0.356281414209425 -0.348978517764934 -0.359296183867894 -0.349528162053023 -0.352874621587638 -0.351276258419007 -0.353750583577329 -0.359519929101369 -0.361772919764817 -0.363247321292731 -0.365536706007843 -0.364471376252072 -0.358026140220942 -0.358594122118217 -0.363136025916623 -0.363848257419599 -0.360401253896705 -0.360116161135377 -0.36155034862907 -0.363575823770805 -0.362338734169078 -0.36167292044959 -0.357553342266832 -0.359847366868632 -0.366812872087292 -0.365888399698409 -0.362473621633757 -0.371745580047131 -0.367947640147596 -0.365968852027125 -0.366363486239325 -0.36529905691802 -0.368084148265137 -0.371823320982804
-0.346513183337556 -0.348817717309926 -0.358057085490388 -0.35484975949323 -0.363183050303137 -0.363152349611402 -0.355150615262062 -0.358003317193114 -0.360247227499968 -0.352409512954588 -0.349277839869924 -0.350902967332448 -0.35024587677577 -0.355925165363973 -0.355154928182212 -0.363393948513381 -0.369051614821847 -0.366040960391287 -0.367814574972098 -0.359340717888989 -0.357067546200801 -0.357872800486334 -0.363006972479239 -0.359777862917341 -0.360020269720251 -0.366965382692901 -0.365103261454991 -0.362066011410974 -0.363569008722894 -0.364634250190244 -0.362463413504628 -0.359047784532639 -0.364279681324569 -0.367972790223355 -0.364671215754407 -0.359591634929414 -0.36893944803104 -0.367644181120081 -0.371449809722011 -0.366484894856512 -0.357397651888943 -0.367794360750015 -0.352219224179047
-0.346468769125092 -0.351886736374411 -0.36104386607097 -0.354437075902295 -0.360340949458896 -0.360830382653349 -0.354937182992729 -0.351936248010146 -0.349602006424716 -0.346777183554953 -0.347032908892733 -0.350499555125228 -0.346952007277706 -0.352807239366728 -0.358250459122466 -0.360927636291616 -0.359218675279941 -0.361363759391929 -0.362821197338706 -0.361417765049374 -0.363868544997629 -0.365967965551222 -0.358257227551202 -0.354011767542993 -0.362973372720251 -0.369954870414087 -0.368295226523406 -0.363186778964769 -0.35960252034534 -0.360630940651696 -0.365320801530169 -0.366321779249931 -0.364123404266788 -0.359191952494595 -0.366232524132187 -0.362327187741893 -0.363124152752633 -0.363959817891231 -0.365595590676545 -0.360747175085554 -0.348449194781669 -0.359521108964027 -0.362023606458362
-0.357797948811838 -0.349768869341881 -0.351915458721848 -0.365250160441898 -0.354729199048787 -0.352487145044156 -0.35502683086939 -0.356811789770105 -0.346532734082547 -0.344021780696315 -0.345532497401303 -0.341573445338598 -0.340452860535059 -0.352222548614081 -0.35511330453745 -0.360781734453796 -0.36471113555634 -0.364742579455731 -0.366102567235783 -0.368753643294584 -0.365390910417369 -0.360514996196611 -0.368227476472457 -0.365538727731402 -0.361115262870439 -0.368670967932574 -0.366027247997179 -0.365814047400574 -0.361885116869908 -0.368486212819291 -0.363955813677599 -0.361391374908779 -0.359454130038958 -0.354456913476632 -0.362748272460428 -0.359333226432589 -0.360487989323651 -0.360665883748318 -0.365178299865553 -0.372133483774191 -0.363353078444268 -0.373058333238084 -0.364262128413439
